0.0,0.0,0.0,0.0,0.0,0.0,0.0
0.00025,0.0,0.0,0.0,0.0,0.0,0.0
0.50025,0.0,0.0,0.0,0.0,0.0,0.0
2.1185099999999997,-26.748,-16.529,3.46,2.1381,0.0,20000.0
2.2349099999999997,-26.243,4.3387,5.333,16.092,0.0,20000.0
2.2353899999999998,-26.243,-0.0,5.325,-16.6667,0.0,20000.0
2.36535,-26.243,-0.0,4.242,-8.3333,0.0,150000.0
2.42547,-26.243,-0.0,3.741,-8.3333,0.0,150000.0
2.55543,-26.243,-0.0,2.658,-8.3333,0.0,20000.0
2.5890899999999997,-25.739,14.9778,2.904,7.3106,0.0,20000.0
2.5895699999999997,-25.739,0.0,2.912,16.6667,0.0,20000.0
2.71953,-25.739,0.0,3.995,8.3333,0.0,150000.0
2.8137299999999996,-25.739,0.0,4.78,8.3333,0.0,150000.0
2.9436899999999997,-25.739,0.0,5.863,8.3333,0.0,20000.0
2.9818499999999997,-25.234,13.2289,5.476,-10.1378,0.0,20000.0
2.9823299999999997,-25.234,-0.0,5.468,-16.6667,0.0,20000.0
3.11229,-25.234,-0.0,4.385,-8.3333,0.0,150000.0
3.2393699999999996,-25.234,-0.0,3.326,-8.3333,0.0,150000.0
3.3693299999999997,-25.234,-0.0,2.243,-8.3333,0.0,20000.0
4.13091,-24.729,0.6631,-10.44,-16.6535,0.0,20000.0
4.13139,-24.729,0.0,-10.432,16.6667,0.0,20000.0
4.26147,-24.729,0.0,-9.348,8.3333,0.0,150000.0
4.34127,-24.729,0.0,-8.683,8.3333,0.0,150000.0
4.47135,-24.729,0.0,-7.599,8.3333,0.0,20000.0
5.682510000000001,-24.729,0.0,2.494,8.3333,0.0,20000.0
5.81247,-24.729,0.0,3.577,8.3333,0.0,150000.0
5.973990000000001,-24.729,0.0,4.923,8.3333,0.0,150000.0
6.10395,-24.729,0.0,6.006,8.3333,0.0,20000.0
6.14205,-24.225,13.2318,5.62,-10.1339,0.0,20000.0
6.14259,-24.225,-0.0,5.611,-16.6667,0.0,20000.0
6.27255,-24.225,-0.0,4.528,-8.3333,0.0,150000.0
6.47019,-24.225,-0.0,2.881,-8.3333,0.0,150000.0
6.600149999999999,-24.225,-0.0,1.798,-8.3333,0.0,20000.0
7.73631,-24.225,-0.0,-7.67,-8.3333,0.0,20000.0
7.86639,-24.225,-0.0,-8.754,-8.3333,0.0,150000.0
7.99455,-24.225,-0.0,-9.822,-8.3333,0.0,150000.0
8.12451,-24.225,-0.0,-10.905,-8.3333,0.0,20000.0
8.168790000000001,-23.72,11.4065,-10.367,12.1519,0.0,20000.0
8.169270000000001,-23.72,0.0,-10.359,16.6667,0.0,20000.0
8.299230000000001,-23.72,0.0,-9.276,8.3333,0.0,150000.0
8.46531,-23.72,0.0,-7.892,8.3333,0.0,150000.0
8.59539,-23.72,0.0,-6.808,8.3333,0.0,20000.0
9.65547,-23.72,0.0,2.026,8.3333,0.0,20000.0
9.78543,-23.72,0.0,3.109,8.3333,0.0,150000.0
10.02027,-23.72,0.0,5.066,8.3333,0.0,150000.0
10.15023,-23.72,0.0,6.149,8.3333,0.0,20000.0
10.18839,-23.215,13.2415,5.763,-10.1212,0.0,20000.0
10.188930000000001,-23.215,-0.0,5.754,-16.6667,0.0,20000.0
10.318890000000001,-23.215,-0.0,4.671,-8.3333,0.0,150000.0
10.592250000000002,-23.215,-0.0,2.393,-8.3333,0.0,150000.0
10.722210000000002,-23.215,-0.0,1.31,-8.3333,0.0,20000.0
11.705010000000001,-23.215,-0.0,-6.88,-8.3333,0.0,20000.0
11.834970000000002,-23.215,-0.0,-7.963,-8.3333,0.0,150000.0
12.040530000000002,-23.215,-0.0,-9.676,-8.3333,0.0,150000.0
12.170490000000003,-23.215,-0.0,-10.759,-8.3333,0.0,20000.0
12.213870000000004,-22.711,11.6111,-10.24,11.9566,0.0,20000.0
12.214350000000003,-22.711,0.0,-10.232,16.6667,0.0,20000.0
12.344430000000003,-22.711,0.0,-9.148,8.3333,0.0,150000.0
12.590070000000003,-22.711,0.0,-7.101,8.3333,0.0,150000.0
12.720030000000003,-22.711,0.0,-6.018,8.3333,0.0,20000.0
13.623270000000003,-22.711,0.0,1.509,8.3333,0.0,20000.0
13.753350000000003,-22.711,0.0,2.593,8.3333,0.0,150000.0
14.067270000000002,-22.711,0.0,5.209,8.3333,0.0,150000.0
14.197350000000002,-22.711,0.0,6.293,8.3333,0.0,20000.0
14.235510000000001,-22.206,13.2289,5.906,-10.1378,0.0,20000.0
14.235990000000001,-22.206,-0.0,5.898,-16.6667,0.0,20000.0
14.36607,-22.206,-0.0,4.814,-8.3333,0.0,150000.0
14.721630000000001,-22.206,-0.0,1.851,-8.3333,0.0,150000.0
14.851590000000002,-22.206,-0.0,0.768,-8.3333,0.0,20000.0
15.674430000000001,-22.206,-0.0,-6.089,-8.3333,0.0,20000.0
15.804390000000001,-22.206,-0.0,-7.172,-8.3333,0.0,150000.0
16.091910000000002,-22.206,-0.0,-9.568,-8.3333,0.0,150000.0
16.22199,-22.206,-0.0,-10.652,-8.3333,0.0,20000.0
16.264650000000003,-21.701,11.8436,-10.152,11.7263,0.0,20000.0
16.265130000000003,-21.701,0.0,-10.144,16.6667,0.0,20000.0
16.395090000000003,-21.701,0.0,-9.061,8.3333,0.0,150000.0
16.725210000000004,-21.701,0.0,-6.31,8.3333,0.0,150000.0
16.855170000000005,-21.701,0.0,-5.227,8.3333,0.0,20000.0
17.594250000000006,-21.701,0.0,0.932,8.3333,0.0,20000.0
17.724330000000005,-21.701,0.0,2.016,8.3333,0.0,150000.0
18.124770000000005,-21.701,0.0,5.353,8.3333,0.0,150000.0
18.254730000000006,-21.701,0.0,6.436,8.3333,0.0,20000.0
18.913890000000006,-21.197,0.7646,17.41,16.6491,0.0,20000.0
19.595310000000005,-21.197,-0.0,6.053,-16.6667,0.0,20000.0
19.725390000000004,-21.197,-0.0,4.969,-8.3333,0.0,150000.0
20.183670000000003,-21.197,-0.0,1.15,-8.3333,0.0,150000.0
20.313630000000003,-21.197,-0.0,0.067,-8.3333,0.0,20000.0
20.954190000000004,-21.197,-0.0,-5.271,-8.3333,0.0,20000.0
21.084150000000005,-21.197,-0.0,-6.354,-8.3333,0.0,150000.0
21.460950000000004,-21.197,-0.0,-9.494,-8.3333,0.0,150000.0
21.591030000000003,-21.197,-0.0,-10.578,-8.3333,0.0,20000.0
21.632790000000004,-20.692,12.0923,-10.099,11.4697,0.0,20000.0
21.633330000000004,-20.692,0.0,-10.09,16.6667,0.0,20000.0
21.763290000000005,-20.692,0.0,-9.007,8.3333,0.0,150000.0
22.211730000000006,-20.692,0.0,-5.27,8.3333,0.0,150000.0
22.341810000000006,-20.692,0.0,-4.186,8.3333,0.0,20000.0
22.792050000000007,-20.692,0.0,-0.434,8.3333,0.0,20000.0
22.922130000000006,-20.692,0.0,0.65,8.3333,0.0,150000.0
23.514690000000005,-20.692,0.0,5.588,8.3333,0.0,150000.0
23.644650000000006,-20.692,0.0,6.671,8.3333,0.0,20000.0
24.686370000000004,-20.692,0.0,15.352,8.3333,0.0,20000.0
24.816450000000003,-20.692,0.0,16.436,8.3333,0.0,150000.0
24.925890000000003,-20.692,0.0,17.348,8.3333,0.0,150000.0
25.055850000000003,-20.692,0.0,18.431,8.3333,0.0,20000.0
25.105650000000004,-20.187,10.1376,17.772,-13.229,0.0,20000.0
25.106190000000005,-20.187,-0.0,17.763,-16.6667,0.0,20000.0
25.236150000000006,-20.187,-0.0,16.68,-8.3333,0.0,150000.0
25.399950000000004,-20.187,-0.0,15.315,-8.3333,0.0,150000.0
25.530030000000004,-20.187,-0.0,14.231,-8.3333,0.0,20000.0
26.460030000000003,-20.187,-0.0,6.481,-8.3333,0.0,20000.0
26.589990000000004,-20.187,-0.0,5.398,-8.3333,0.0,150000.0
28.372590000000002,-20.187,-0.0,-9.457,-8.3333,0.0,150000.0
28.502670000000002,-20.187,-0.0,-10.541,-8.3333,0.0,20000.0
28.543770000000002,-19.683,12.2616,-10.077,11.2885,0.0,20000.0
28.54425,-19.683,0.0,-10.069,16.6667,0.0,20000.0
28.67433,-19.683,0.0,-8.985,8.3333,0.0,150000.0
30.513450000000002,-19.683,0.0,6.341,8.3333,0.0,150000.0
30.643410000000003,-19.683,0.0,7.424,8.3333,0.0,20000.0
31.432890000000004,-19.683,0.0,14.003,8.3333,0.0,20000.0
31.562970000000004,-19.683,0.0,15.087,8.3333,0.0,150000.0
31.785690000000002,-19.683,0.0,16.943,8.3333,0.0,150000.0
31.915770000000002,-19.683,0.0,18.027,8.3333,0.0,20000.0
31.965750000000003,-19.178,10.1086,17.365,-13.2512,0.0,20000.0
31.966230000000003,-19.178,-0.0,17.357,-16.6667,0.0,20000.0
32.09619,-19.178,-0.0,16.274,-8.3333,0.0,150000.0
32.38359,-19.178,-0.0,13.879,-8.3333,0.0,150000.0
32.513549999999995,-19.178,-0.0,12.796,-8.3333,0.0,20000.0
33.10095,-19.178,-0.0,7.901,-8.3333,0.0,20000.0
33.230909999999994,-19.178,-0.0,6.818,-8.3333,0.0,150000.0
35.186189999999996,-19.178,-0.0,-9.476,-8.3333,0.0,150000.0
35.31614999999999,-19.178,-0.0,-10.559,-8.3333,0.0,20000.0
35.35280999999999,-18.673,13.7745,-10.215,9.383,0.0,20000.0
35.35334999999999,-18.673,0.0,-10.206,16.6667,0.0,20000.0
35.48330999999999,-18.673,0.0,-9.123,8.3333,0.0,150000.0
37.59278999999999,-18.673,0.0,8.456,8.3333,0.0,150000.0
37.722869999999986,-18.673,0.0,9.54,8.3333,0.0,20000.0
38.07398999999999,-18.673,0.0,12.466,8.3333,0.0,20000.0
38.20406999999999,-18.673,0.0,13.55,8.3333,0.0,150000.0
38.56250999999999,-18.673,0.0,16.537,8.3333,0.0,150000.0
38.69258999999999,-18.673,0.0,17.621,8.3333,0.0,20000.0
38.74250999999999,-18.169,10.0959,16.959,-13.2609,0.0,20000.0
38.74298999999999,-18.169,-0.0,16.951,-16.6667,0.0,20000.0
38.87306999999999,-18.169,-0.0,15.867,-8.3333,0.0,150000.0
39.31286999999999,-18.169,-0.0,12.202,-8.3333,0.0,150000.0
39.44282999999999,-18.169,-0.0,11.119,-8.3333,0.0,20000.0
39.56774999999999,-18.169,-0.0,10.078,-8.3333,0.0,20000.0
39.69770999999999,-18.169,-0.0,8.995,-8.3333,0.0,150000.0
41.95910999999999,-18.169,-0.0,-9.85,-8.3333,0.0,150000.0
42.08918999999999,-18.169,-0.0,-10.934,-8.3333,0.0,20000.0
42.69392999999999,-17.664,0.8351,-21.0,-16.6457,0.0,20000.0
42.69440999999999,-17.664,0.0,-20.992,16.6667,0.0,20000.0
42.82448999999999,-17.664,0.0,-19.908,8.3333,0.0,150000.0
42.95276999999999,-17.664,-0.0,-20.977,-8.3333,0.0,150000.0
43.082729999999984,-17.664,0.0,-19.894,8.3333,0.0,20000.0
44.151929999999986,-17.664,0.0,-10.984,8.3333,0.0,20000.0
44.282009999999985,-17.664,0.0,-9.9,8.3333,0.0,150000.0
47.405729999999984,-17.664,0.0,16.131,8.3333,0.0,150000.0
47.53568999999998,-17.664,0.0,17.214,8.3333,0.0,20000.0
47.58560999999998,-17.159,10.1182,16.553,-13.2438,0.0,20000.0
47.58614999999998,-17.159,-0.0,16.544,-16.6667,0.0,20000.0
47.71610999999998,-17.159,-0.0,15.461,-8.3333,0.0,150000.0
50.906309999999976,-17.159,-0.0,-11.124,-8.3333,0.0,150000.0
51.03626999999997,-17.159,-0.0,-12.207,-8.3333,0.0,20000.0
51.864269999999976,-17.159,-0.0,-19.107,-8.3333,0.0,20000.0
51.99422999999997,-17.159,-0.0,-20.19,-8.3333,0.0,150000.0
52.07102999999997,-17.159,-0.0,-20.83,-8.3333,0.0,150000.0
52.20110999999997,-17.159,-0.0,-21.914,-8.3333,0.0,20000.0
52.23692999999997,-16.654,14.1034,-21.596,8.881,0.0,20000.0
52.237409999999976,-16.654,0.0,-21.588,16.6667,0.0,20000.0
52.367489999999975,-16.654,0.0,-20.504,8.3333,0.0,150000.0
52.61156999999997,-16.654,0.0,-18.47,8.3333,0.0,150000.0
52.74152999999997,-16.654,0.0,-17.387,8.3333,0.0,20000.0
53.33192999999997,-16.654,0.0,-12.467,8.3333,0.0,20000.0
53.46188999999997,-16.654,0.0,-11.384,8.3333,0.0,150000.0
56.714969999999965,-16.654,0.0,15.725,8.3333,0.0,150000.0
56.84492999999996,-16.654,0.0,16.808,8.3333,0.0,20000.0
56.89484999999996,-16.15,10.0959,16.146,-13.2609,0.0,20000.0
56.895329999999966,-16.15,-0.0,16.138,-16.6667,0.0,20000.0
57.02528999999996,-16.15,-0.0,15.055,-8.3333,0.0,150000.0
60.33356999999996,-16.15,-0.0,-12.514,-8.3333,0.0,150000.0
60.463529999999956,-16.15,-0.0,-13.597,-8.3333,0.0,20000.0
60.82376999999995,-16.15,-0.0,-16.599,-8.3333,0.0,20000.0
60.95384999999995,-16.15,-0.0,-17.683,-8.3333,0.0,150000.0
61.31912999999995,-16.15,-0.0,-20.727,-8.3333,0.0,150000.0
61.44908999999995,-16.15,-0.0,-21.81,-8.3333,0.0,20000.0
61.50680999999995,-15.645,8.7475,-20.991,14.1866,0.0,20000.0
61.507289999999955,-15.645,0.0,-20.983,16.6667,0.0,20000.0
61.63724999999995,-15.645,0.0,-19.9,8.3333,0.0,150000.0
62.10980999999995,-15.645,0.0,-15.962,8.3333,0.0,150000.0
62.23976999999995,-15.645,0.0,-14.879,8.3333,0.0,20000.0
62.35124999999995,-15.645,0.0,-13.95,8.3333,0.0,20000.0
62.48120999999995,-15.645,0.0,-12.867,8.3333,0.0,150000.0
65.86340999999994,-15.645,0.0,15.318,8.3333,0.0,150000.0
65.99348999999995,-15.645,0.0,16.402,8.3333,0.0,20000.0
66.04028999999996,-15.14,10.7954,15.808,-12.6979,0.0,20000.0
66.04076999999995,-15.14,-0.0,15.8,-16.6667,0.0,20000.0
66.17072999999995,-15.14,-0.0,14.717,-8.3333,0.0,150000.0
70.33340999999994,-15.14,-0.0,-19.972,-8.3333,0.0,150000.0
70.46336999999994,-15.14,-0.0,-21.055,-8.3333,0.0,20000.0
70.52180999999995,-14.636,8.6202,-20.221,14.2643,0.0,20000.0
70.52228999999994,-14.636,0.0,-20.213,16.6667,0.0,20000.0
70.65224999999994,-14.636,0.0,-19.13,8.3333,0.0,150000.0
74.76200999999993,-14.636,0.0,15.118,8.3333,0.0,150000.0
74.89196999999993,-14.636,0.0,16.201,8.3333,0.0,20000.0
74.93108999999993,-14.131,12.9016,15.788,-10.5512,0.0,20000.0
74.93156999999992,-14.131,-0.0,15.78,-16.6667,0.0,20000.0
75.06152999999992,-14.131,-0.0,14.697,-8.3333,0.0,150000.0
79.13384999999992,-14.131,-0.0,-19.239,-8.3333,0.0,150000.0
79.26380999999992,-14.131,-0.0,-20.322,-8.3333,0.0,20000.0
79.32044999999992,-13.626,8.9125,-19.524,14.0835,0.0,20000.0
79.32098999999992,-13.626,0.0,-19.515,16.6667,0.0,20000.0
79.45094999999992,-13.626,0.0,-18.432,8.3333,0.0,150000.0
83.50298999999993,-13.626,0.0,15.335,8.3333,0.0,150000.0
83.63294999999992,-13.626,0.0,16.418,8.3333,0.0,20000.0
83.66492999999993,-13.122,15.7638,16.245,-5.411,0.0,20000.0
83.66540999999992,-13.122,-0.0,16.237,-16.6667,0.0,20000.0
83.79536999999992,-13.122,-0.0,15.154,-8.3333,0.0,150000.0
85.38608999999992,-13.122,-0.0,1.898,-8.3333,0.0,150000.0
85.51616999999993,-13.122,-0.0,0.814,-8.3333,0.0,20000.0
85.76276999999993,-13.122,-0.0,-1.241,-8.3333,0.0,20000.0
85.89272999999993,-13.122,-0.0,-2.324,-8.3333,0.0,150000.0
87.84248999999993,-13.122,-0.0,-18.572,-8.3333,0.0,150000.0
87.97244999999992,-13.122,-0.0,-19.655,-8.3333,0.0,20000.0
88.02782999999992,-12.617,9.1155,-18.882,13.953,0.0,20000.0
88.02830999999992,-12.617,0.0,-18.874,16.6667,0.0,20000.0
88.15826999999992,-12.617,0.0,-17.791,8.3333,0.0,150000.0
89.78402999999992,-12.617,0.0,-4.243,8.3333,0.0,150000.0
89.91398999999991,-12.617,0.0,-3.16,8.3333,0.0,20000.0
90.72854999999991,-12.617,0.0,3.628,8.3333,0.0,20000.0
90.85862999999992,-12.617,0.0,4.712,8.3333,0.0,150000.0
92.21222999999992,-12.617,0.0,15.992,8.3333,0.0,150000.0
92.34218999999992,-12.617,0.0,17.075,8.3333,0.0,20000.0
92.37278999999992,-12.112,16.4906,17.001,-2.4164,0.0,20000.0
92.37332999999992,-12.112,-0.0,16.992,-16.6667,0.0,20000.0
92.50328999999992,-12.112,-0.0,15.909,-8.3333,0.0,150000.0
93.73904999999992,-12.112,-0.0,5.611,-8.3333,0.0,150000.0
93.86912999999993,-12.112,-0.0,4.527,-8.3333,0.0,20000.0
95.01200999999993,-12.112,-0.0,-4.997,-8.3333,0.0,20000.0
95.14196999999993,-12.112,-0.0,-6.08,-8.3333,0.0,150000.0
96.56756999999993,-12.112,-0.0,-17.96,-8.3333,0.0,150000.0
96.69752999999993,-12.112,-0.0,-19.043,-8.3333,0.0,20000.0
96.75008999999993,-11.608,9.5845,-18.326,13.6351,0.0,20000.0
96.75056999999993,-11.608,0.0,-18.318,16.6667,0.0,20000.0
96.88064999999993,-11.608,0.0,-17.234,8.3333,0.0,150000.0
98.15108999999993,-11.608,0.0,-6.647,8.3333,0.0,150000.0
98.28104999999992,-11.608,0.0,-5.564,8.3333,0.0,20000.0
99.67244999999993,-11.608,0.0,6.031,8.3333,0.0,20000.0
99.80240999999992,-11.608,0.0,7.114,8.3333,0.0,150000.0
100.95596999999992,-11.608,0.0,16.727,8.3333,0.0,150000.0
101.08592999999992,-11.608,0.0,17.81,8.3333,0.0,20000.0
101.11712999999992,-11.103,16.1709,17.684,-4.0347,0.0,20000.0
101.11760999999991,-11.103,-0.0,17.676,-16.6667,0.0,20000.0
101.24768999999992,-11.103,-0.0,16.592,-8.3333,0.0,150000.0
102.33932999999992,-11.103,-0.0,7.495,-8.3333,0.0,150000.0
102.46928999999992,-11.103,-0.0,6.412,-8.3333,0.0,20000.0
104.06420999999992,-11.103,-0.0,-6.879,-8.3333,0.0,20000.0
104.19416999999991,-11.103,-0.0,-7.962,-8.3333,0.0,150000.0
105.34796999999992,-11.103,-0.0,-17.577,-8.3333,0.0,150000.0
105.47792999999992,-11.103,-0.0,-18.66,-8.3333,0.0,20000.0
105.51890999999992,-10.598,12.3213,-18.2,11.2234,0.0,20000.0
105.51944999999992,-10.598,0.0,-18.191,16.6667,0.0,20000.0
105.64940999999992,-10.598,0.0,-17.108,8.3333,0.0,150000.0
106.71524999999991,-10.598,0.0,-8.226,8.3333,0.0,150000.0
106.84520999999991,-10.598,0.0,-7.143,8.3333,0.0,20000.0
108.61532999999991,-10.598,0.0,7.608,8.3333,0.0,20000.0
108.74540999999992,-10.598,0.0,8.692,8.3333,0.0,150000.0
109.79192999999992,-10.598,0.0,17.413,8.3333,0.0,150000.0
109.92188999999992,-10.598,0.0,18.496,8.3333,0.0,20000.0
110.34914999999992,-10.094,1.1796,25.599,16.6249,0.0,20000.0
110.77052999999992,-10.094,-0.0,18.576,-16.6667,0.0,20000.0
110.90060999999993,-10.094,-0.0,17.492,-8.3333,0.0,150000.0
111.93596999999993,-10.094,-0.0,8.864,-8.3333,0.0,150000.0
112.06604999999993,-10.094,-0.0,7.78,-8.3333,0.0,20000.0
113.98940999999994,-10.094,-0.0,-8.248,-8.3333,0.0,20000.0
114.11936999999993,-10.094,-0.0,-9.331,-8.3333,0.0,150000.0
115.12472999999993,-10.094,-0.0,-17.709,-8.3333,0.0,150000.0
115.25468999999993,-10.094,-0.0,-18.792,-8.3333,0.0,20000.0
115.28792999999993,-9.589,15.1902,-18.564,6.8582,0.0,20000.0
115.28846999999993,-9.589,0.0,-18.555,16.6667,0.0,20000.0
115.41842999999993,-9.589,0.0,-17.472,8.3333,0.0,150000.0
116.38358999999993,-9.589,0.0,-9.429,8.3333,0.0,150000.0
116.51366999999993,-9.589,0.0,-8.345,8.3333,0.0,20000.0
118.57262999999993,-9.589,0.0,8.813,8.3333,0.0,20000.0
118.70258999999993,-9.589,0.0,9.896,8.3333,0.0,150000.0
120.53534999999992,-9.589,0.0,25.169,8.3333,0.0,150000.0
120.66530999999992,-9.589,0.0,26.252,8.3333,0.0,20000.0
120.70064999999992,-9.084,14.2915,25.949,-8.5749,0.0,20000.0
120.70118999999993,-9.084,-0.0,25.94,-16.6667,0.0,20000.0
120.83114999999992,-9.084,-0.0,24.857,-8.3333,0.0,150000.0
122.62190999999993,-9.084,-0.0,9.934,-8.3333,0.0,150000.0
122.75186999999993,-9.084,-0.0,8.851,-8.3333,0.0,20000.0
124.93202999999993,-9.084,-0.0,-9.317,-8.3333,0.0,20000.0
125.06198999999992,-9.084,-0.0,-10.4,-8.3333,0.0,150000.0
125.99702999999992,-9.084,-0.0,-18.192,-8.3333,0.0,150000.0
126.12710999999993,-9.084,-0.0,-19.276,-8.3333,0.0,20000.0
126.15986999999993,-8.58,15.3846,-19.066,6.4103,0.0,20000.0
126.16034999999992,-8.58,0.0,-19.058,16.6667,0.0,20000.0
126.29030999999992,-8.58,0.0,-17.975,8.3333,0.0,150000.0
127.20074999999991,-8.58,0.0,-10.388,8.3333,0.0,150000.0
127.33082999999992,-8.58,0.0,-9.304,8.3333,0.0,20000.0
129.6197099999999,-8.58,0.0,9.77,8.3333,0.0,20000.0
129.7497899999999,-8.58,0.0,10.854,8.3333,0.0,150000.0
131.41010999999992,-8.58,0.0,24.69,8.3333,0.0,150000.0
131.5401899999999,-8.58,0.0,25.774,8.3333,0.0,20000.0
131.6129699999999,-8.075,6.9381,24.671,-15.1539,0.0,20000.0
131.61344999999992,-8.075,-0.0,24.663,-16.6667,0.0,20000.0
131.7435299999999,-8.075,-0.0,23.579,-8.3333,0.0,150000.0
133.2776099999999,-8.075,-0.0,10.795,-8.3333,0.0,150000.0
133.4075699999999,-8.075,-0.0,9.712,-8.3333,0.0,20000.0
135.7943699999999,-8.075,-0.0,-10.178,-8.3333,0.0,20000.0
135.9244499999999,-8.075,-0.0,-11.262,-8.3333,0.0,150000.0
136.8113699999999,-8.075,-0.0,-18.653,-8.3333,0.0,150000.0
136.9413299999999,-8.075,-0.0,-19.736,-8.3333,0.0,20000.0
136.9750499999999,-7.57,14.9718,-19.489,7.3228,0.0,20000.0
136.9755299999999,-7.57,0.0,-19.481,16.6667,0.0,20000.0
137.10548999999992,-7.57,0.0,-18.398,8.3333,0.0,150000.0
137.9735699999999,-7.57,0.0,-11.164,8.3333,0.0,150000.0
138.10352999999992,-7.57,0.0,-10.081,8.3333,0.0,20000.0
138.93404999999993,-7.57,0.0,-3.16,8.3333,0.0,20000.0
139.06400999999994,-7.57,0.0,-2.077,8.3333,0.0,150000.0
139.61864999999995,-7.57,0.0,2.545,8.3333,0.0,150000.0
139.74860999999996,-7.57,0.0,3.628,8.3333,0.0,20000.0
140.57888999999994,-7.57,0.0,10.547,8.3333,0.0,20000.0
140.70896999999994,-7.57,0.0,11.631,8.3333,0.0,150000.0
142.12148999999994,-7.57,0.0,23.402,8.3333,0.0,150000.0
142.25144999999995,-7.57,0.0,24.485,8.3333,0.0,20000.0
142.32422999999994,-7.066,6.9267,23.382,-15.1591,0.0,20000.0
142.32470999999995,-7.066,-0.0,23.374,-16.6667,0.0,20000.0
142.45466999999996,-7.066,-0.0,22.291,-8.3333,0.0,150000.0
143.74982999999997,-7.066,-0.0,11.498,-8.3333,0.0,150000.0
143.87978999999999,-7.066,-0.0,10.415,-8.3333,0.0,20000.0
144.62090999999998,-7.066,-0.0,4.239,-8.3333,0.0,20000.0
144.75087,-7.066,-0.0,3.156,-8.3333,0.0,150000.0
145.56483,-7.066,-0.0,-3.627,-8.3333,0.0,150000.0
145.69491,-7.066,-0.0,-4.711,-8.3333,0.0,20000.0
146.43531,-7.066,-0.0,-10.881,-8.3333,0.0,20000.0
146.56538999999998,-7.066,-0.0,-11.965,-8.3333,0.0,150000.0
147.42386999999997,-7.066,-0.0,-19.119,-8.3333,0.0,150000.0
147.55382999999998,-7.066,-0.0,-20.202,-8.3333,0.0,20000.0
147.58508999999998,-6.561,16.1558,-20.074,4.0949,0.0,20000.0
147.58562999999998,-6.561,0.0,-20.065,16.6667,0.0,20000.0
147.71559,-6.561,0.0,-18.982,8.3333,0.0,150000.0
148.57730999999998,-6.561,0.0,-11.801,8.3333,0.0,150000.0
148.70727,-6.561,0.0,-10.718,8.3333,0.0,20000.0
149.38983,-6.561,0.0,-5.03,8.3333,0.0,20000.0
149.51990999999998,-6.561,0.0,-3.946,8.3333,0.0,150000.0
150.52346999999997,-6.561,0.0,4.417,8.3333,0.0,150000.0
150.65343,-6.561,0.0,5.5,8.3333,0.0,20000.0
151.33562999999998,-6.561,0.0,11.185,8.3333,0.0,20000.0
151.46559,-6.561,0.0,12.268,8.3333,0.0,150000.0
152.64699,-6.561,0.0,22.113,8.3333,0.0,150000.0
152.77706999999998,-6.561,0.0,23.197,8.3333,0.0,20000.0
152.84984999999998,-6.056,6.9381,22.094,-15.1539,0.0,20000.0
152.85032999999999,-6.056,-0.0,22.086,-16.6667,0.0,20000.0
152.98040999999998,-6.056,-0.0,21.002,-8.3333,0.0,150000.0
154.05176999999998,-6.056,-0.0,12.074,-8.3333,0.0,150000.0
154.18173,-6.056,-0.0,10.991,-8.3333,0.0,20000.0
154.82133,-6.056,-0.0,5.661,-8.3333,0.0,20000.0
154.95140999999998,-6.056,-0.0,4.577,-8.3333,0.0,150000.0
156.10640999999998,-6.056,-0.0,-5.048,-8.3333,0.0,150000.0
156.23637,-6.056,-0.0,-6.131,-8.3333,0.0,20000.0
156.87584999999999,-6.056,-0.0,-11.46,-8.3333,0.0,20000.0
157.00581,-6.056,-0.0,-12.543,-8.3333,0.0,150000.0
157.91001,-6.056,-0.0,-20.078,-8.3333,0.0,150000.0
158.03997,-6.056,-0.0,-21.161,-8.3333,0.0,20000.0
158.15091,-5.551,4.5513,-22.94,-16.0332,0.0,20000.0
158.15139000000002,-5.551,0.0,-22.932,16.6667,0.0,20000.0
158.28147,-5.551,0.0,-21.848,8.3333,0.0,150000.0
159.42399,-5.551,0.0,-12.327,8.3333,0.0,150000.0
159.55395000000001,-5.551,0.0,-11.244,8.3333,0.0,20000.0
160.16163,-5.551,0.0,-6.18,8.3333,0.0,20000.0
160.29159,-5.551,0.0,-5.097,8.3333,0.0,150000.0
161.57115000000002,-5.551,0.0,5.566,8.3333,0.0,150000.0
161.70123,-5.551,0.0,6.65,8.3333,0.0,20000.0
162.30699,-5.551,0.0,11.698,8.3333,0.0,20000.0
162.43707,-5.551,0.0,12.782,8.3333,0.0,150000.0
163.40655,-5.551,0.0,20.861,8.3333,0.0,150000.0
163.53651000000002,-5.551,0.0,21.944,8.3333,0.0,20000.0
163.59849000000003,-5.047,8.1296,21.042,-14.5495,0.0,20000.0
163.59903000000003,-5.047,-0.0,21.033,-16.6667,0.0,20000.0
163.72899000000004,-5.047,-0.0,19.95,-8.3333,0.0,150000.0
164.61735000000004,-5.047,-0.0,12.547,-8.3333,0.0,150000.0
164.74731000000006,-5.047,-0.0,11.464,-8.3333,0.0,20000.0
165.32883000000007,-5.047,-0.0,6.618,-8.3333,0.0,20000.0
165.45879000000008,-5.047,-0.0,5.535,-8.3333,0.0,150000.0
166.84299000000007,-5.047,-0.0,-6.0,-8.3333,0.0,150000.0
166.97295000000008,-5.047,-0.0,-7.083,-8.3333,0.0,20000.0
167.55471000000009,-5.047,-0.0,-11.931,-8.3333,0.0,20000.0
167.6846700000001,-5.047,-0.0,-13.014,-8.3333,0.0,150000.0
169.2277500000001,-5.047,-0.0,-25.873,-8.3333,0.0,150000.0
169.3577100000001,-5.047,-0.0,-26.956,-8.3333,0.0,20000.0
169.3901700000001,-4.542,15.5581,-27.15,-5.9768,0.0,20000.0
169.3906500000001,-4.542,0.0,-27.142,16.6667,0.0,20000.0
169.5207300000001,-4.542,0.0,-26.058,8.3333,0.0,150000.0
171.1191300000001,-4.542,0.0,-12.738,8.3333,0.0,150000.0
171.2490900000001,-4.542,0.0,-11.655,8.3333,0.0,20000.0
171.8088900000001,-4.542,0.0,-6.99,8.3333,0.0,20000.0
171.9389700000001,-4.542,0.0,-5.906,8.3333,0.0,150000.0
173.4122100000001,-4.542,0.0,6.371,8.3333,0.0,150000.0
173.5421700000001,-4.542,0.0,7.454,8.3333,0.0,20000.0
174.1025700000001,-4.542,0.0,12.124,8.3333,0.0,20000.0
174.2326500000001,-4.542,0.0,13.208,8.3333,0.0,150000.0
175.0677300000001,-4.542,0.0,20.167,8.3333,0.0,150000.0
175.1976900000001,-4.542,0.0,21.25,8.3333,0.0,20000.0
175.24365000000012,-4.037,10.9874,20.674,-12.5322,0.0,20000.0
175.24413000000013,-4.037,-0.0,20.666,-16.6667,0.0,20000.0
175.37409000000014,-4.037,-0.0,19.583,-8.3333,0.0,150000.0
176.17461000000014,-4.037,-0.0,12.912,-8.3333,0.0,150000.0
176.30457000000015,-4.037,-0.0,11.829,-8.3333,0.0,20000.0
176.84769000000014,-4.037,-0.0,7.303,-8.3333,0.0,20000.0
176.97765000000015,-4.037,-0.0,6.22,-8.3333,0.0,150000.0
177.53025000000017,-4.037,-0.0,1.615,-8.3333,0.0,150000.0
177.66021000000018,-4.037,-0.0,0.532,-8.3333,0.0,20000.0
177.83733000000018,-4.037,-0.0,-0.944,-8.3333,0.0,20000.0
177.96741000000017,-4.037,-0.0,-2.028,-8.3333,0.0,150000.0
178.52673000000019,-4.037,-0.0,-6.689,-8.3333,0.0,150000.0
178.6566900000002,-4.037,-0.0,-7.772,-8.3333,0.0,20000.0
179.1999300000002,-4.037,-0.0,-12.299,-8.3333,0.0,20000.0
179.3298900000002,-4.037,-0.0,-13.382,-8.3333,0.0,150000.0
180.9173700000002,-4.037,-0.0,-26.611,-8.3333,0.0,150000.0
181.0474500000002,-4.037,-0.0,-27.695,-8.3333,0.0,20000.0
181.1133900000002,-3.533,7.641,-26.718,14.8119,0.0,20000.0
181.11387000000022,-3.533,0.0,-26.71,16.6667,0.0,20000.0
181.24383000000023,-3.533,0.0,-25.627,8.3333,0.0,150000.0
182.75151000000022,-3.533,0.0,-13.063,8.3333,0.0,150000.0
182.88147000000023,-3.533,0.0,-11.98,8.3333,0.0,20000.0
183.41019000000023,-3.533,0.0,-7.574,8.3333,0.0,20000.0
183.54015000000024,-3.533,0.0,-6.491,8.3333,0.0,150000.0
184.00131000000025,-3.533,0.0,-2.648,8.3333,0.0,150000.0
184.13127000000026,-3.533,0.0,-1.565,8.3333,0.0,20000.0
184.56351000000026,-3.533,0.0,2.037,8.3333,0.0,20000.0
184.69347000000027,-3.533,0.0,3.12,8.3333,0.0,150000.0
185.15355000000028,-3.533,0.0,6.954,8.3333,0.0,150000.0
185.2835100000003,-3.533,0.0,8.037,8.3333,0.0,20000.0
185.81295000000028,-3.533,0.0,12.449,8.3333,0.0,20000.0
185.94303000000028,-3.533,0.0,13.533,8.3333,0.0,150000.0
186.72447000000028,-3.533,0.0,20.045,8.3333,0.0,150000.0
186.8544300000003,-3.533,0.0,21.128,8.3333,0.0,20000.0
186.89397000000028,-3.028,12.7642,20.704,-10.7169,0.0,20000.0
186.8944500000003,-3.028,-0.0,20.696,-16.6667,0.0,20000.0
187.0244100000003,-3.028,-0.0,19.613,-8.3333,0.0,150000.0
187.7949300000003,-3.028,-0.0,13.192,-8.3333,0.0,150000.0
187.92489000000032,-3.028,-0.0,12.109,-8.3333,0.0,20000.0
188.44257000000033,-3.028,-0.0,7.795,-8.3333,0.0,20000.0
188.57265000000032,-3.028,-0.0,6.711,-8.3333,0.0,150000.0
188.98413000000033,-3.028,-0.0,3.282,-8.3333,0.0,150000.0
189.11409000000035,-3.028,-0.0,2.199,-8.3333,0.0,20000.0
189.69717000000034,-3.028,-0.0,-2.66,-8.3333,0.0,20000.0
189.82713000000035,-3.028,-0.0,-3.743,-8.3333,0.0,150000.0
190.23969000000037,-3.028,-0.0,-7.181,-8.3333,0.0,150000.0
190.36965000000038,-3.028,-0.0,-8.264,-8.3333,0.0,20000.0
190.88721000000038,-3.028,-0.0,-12.577,-8.3333,0.0,20000.0
191.01729000000037,-3.028,-0.0,-13.661,-8.3333,0.0,150000.0
192.37593000000038,-3.028,-0.0,-24.983,-8.3333,0.0,150000.0
192.5058900000004,-3.028,-0.0,-26.066,-8.3333,0.0,20000.0
192.6067500000004,-2.523,5.0079,-24.463,15.8965,0.0,20000.0
192.6072300000004,-2.523,0.0,-24.455,16.6667,0.0,20000.0
192.73719000000042,-2.523,0.0,-23.372,8.3333,0.0,150000.0
193.94523000000044,-2.523,0.0,-13.305,8.3333,0.0,150000.0
194.07519000000045,-2.523,0.0,-12.222,8.3333,0.0,20000.0
194.58399000000045,-2.523,0.0,-7.982,8.3333,0.0,20000.0
194.71395000000047,-2.523,0.0,-6.899,8.3333,0.0,150000.0
195.09603000000047,-2.523,0.0,-3.715,8.3333,0.0,150000.0
195.22611000000046,-2.523,0.0,-2.631,8.3333,0.0,20000.0
195.91503000000046,-2.523,0.0,3.11,8.3333,0.0,20000.0
196.04499000000047,-2.523,0.0,4.193,8.3333,0.0,150000.0
196.42515000000046,-2.523,0.0,7.361,8.3333,0.0,150000.0
196.55523000000045,-2.523,0.0,8.445,8.3333,0.0,20000.0
197.06427000000045,-2.523,0.0,12.687,8.3333,0.0,20000.0
197.19435000000044,-2.523,0.0,13.771,8.3333,0.0,150000.0
197.95911000000044,-2.523,0.0,20.144,8.3333,0.0,150000.0
198.08907000000045,-2.523,0.0,21.227,8.3333,0.0,20000.0
198.12747000000044,-2.019,13.1306,20.833,-10.2648,0.0,20000.0
198.12795000000045,-2.019,-0.0,20.825,-16.6667,0.0,20000.0
198.25803000000045,-2.019,-0.0,19.741,-8.3333,0.0,150000.0
199.01967000000045,-2.019,-0.0,13.394,-8.3333,0.0,150000.0
199.14963000000046,-2.019,-0.0,12.311,-8.3333,0.0,20000.0
199.65243000000046,-2.019,-0.0,8.121,-8.3333,0.0,20000.0
199.78239000000048,-2.019,-0.0,7.038,-8.3333,0.0,150000.0
200.13927000000047,-2.019,-0.0,4.064,-8.3333,0.0,150000.0
200.26923000000048,-2.019,-0.0,2.981,-8.3333,0.0,20000.0
201.04011000000048,-2.019,-0.0,-3.443,-8.3333,0.0,20000.0
201.17019000000047,-2.019,-0.0,-4.527,-8.3333,0.0,150000.0
201.52827000000048,-2.019,-0.0,-7.511,-8.3333,0.0,150000.0
201.65835000000047,-2.019,-0.0,-8.595,-8.3333,0.0,20000.0
202.15947000000045,-2.019,-0.0,-12.771,-8.3333,0.0,20000.0
202.28955000000045,-2.019,-0.0,-13.855,-8.3333,0.0,150000.0
203.36307000000045,-2.019,-0.0,-22.801,-8.3333,0.0,150000.0
203.49303000000046,-2.019,-0.0,-23.884,-8.3333,0.0,20000.0
203.58195000000046,-1.514,5.6804,-22.491,15.6688,0.0,20000.0
203.58243000000047,-1.514,0.0,-22.483,16.6667,0.0,20000.0
203.71239000000048,-1.514,0.0,-21.4,8.3333,0.0,150000.0
204.6649500000005,-1.514,0.0,-13.462,8.3333,0.0,150000.0
204.79503000000048,-1.514,0.0,-12.378,8.3333,0.0,20000.0
205.29135000000048,-1.514,0.0,-8.242,8.3333,0.0,20000.0
205.42143000000047,-1.514,0.0,-7.158,8.3333,0.0,150000.0
205.76679000000047,-1.514,0.0,-4.28,8.3333,0.0,150000.0
205.89687000000046,-1.514,0.0,-3.196,8.3333,0.0,20000.0
206.72043000000045,-1.514,0.0,3.667,8.3333,0.0,20000.0
206.85039000000046,-1.514,0.0,4.75,8.3333,0.0,150000.0
207.19419000000045,-1.514,0.0,7.615,8.3333,0.0,150000.0
207.32427000000044,-1.514,0.0,8.699,8.3333,0.0,20000.0
207.82143000000045,-1.514,0.0,12.842,8.3333,0.0,20000.0
207.95139000000046,-1.514,0.0,13.925,8.3333,0.0,150000.0
208.70979000000045,-1.514,0.0,20.245,8.3333,0.0,150000.0
208.83987000000045,-1.514,0.0,21.329,8.3333,0.0,20000.0
208.87965000000045,-1.009,12.7021,20.9,-10.7905,0.0,20000.0
208.88013000000046,-1.009,-0.0,20.892,-16.6667,0.0,20000.0
209.01021000000046,-1.009,-0.0,19.808,-8.3333,0.0,150000.0
209.76669000000047,-1.009,-0.0,13.504,-8.3333,0.0,150000.0
209.89677000000046,-1.009,-0.0,12.42,-8.3333,0.0,20000.0
210.38925000000046,-1.009,-0.0,8.316,-8.3333,0.0,20000.0
210.51921000000047,-1.009,-0.0,7.233,-8.3333,0.0,150000.0
210.85449000000048,-1.009,-0.0,4.439,-8.3333,0.0,150000.0
210.9844500000005,-1.009,-0.0,3.356,-8.3333,0.0,20000.0
211.8466500000005,-1.009,-0.0,-3.829,-8.3333,0.0,20000.0
211.9767300000005,-1.009,-0.0,-4.913,-8.3333,0.0,150000.0
212.31141000000048,-1.009,-0.0,-7.702,-8.3333,0.0,150000.0
212.44149000000047,-1.009,-0.0,-8.786,-8.3333,0.0,20000.0
212.93445000000048,-1.009,-0.0,-12.894,-8.3333,0.0,20000.0
213.06453000000047,-1.009,-0.0,-13.978,-8.3333,0.0,150000.0
213.91293000000047,-1.009,-0.0,-21.048,-8.3333,0.0,150000.0
214.04301000000046,-1.009,-0.0,-22.132,-8.3333,0.0,20000.0
214.10529000000045,-0.505,8.0954,-21.225,14.5685,0.0,20000.0
214.10583000000045,-0.505,0.0,-21.216,16.6667,0.0,20000.0
214.23579000000046,-0.505,0.0,-20.133,8.3333,0.0,150000.0
215.02779000000046,-0.505,0.0,-13.533,8.3333,0.0,150000.0
215.15787000000046,-0.505,0.0,-12.449,8.3333,0.0,20000.0
215.64771000000044,-0.505,0.0,-8.367,8.3333,0.0,20000.0
215.77779000000044,-0.505,0.0,-7.283,8.3333,0.0,150000.0
216.10731000000044,-0.505,0.0,-4.537,8.3333,0.0,150000.0
216.23727000000045,-0.505,0.0,-3.454,8.3333,0.0,20000.0
217.12359000000046,-0.505,0.0,3.932,8.3333,0.0,20000.0
217.25355000000047,-0.505,0.0,5.015,8.3333,0.0,150000.0
217.58175000000048,-0.505,0.0,7.75,8.3333,0.0,150000.0
217.71183000000048,-0.505,0.0,8.834,8.3333,0.0,20000.0
218.20263000000048,-0.505,0.0,12.924,8.3333,0.0,20000.0
218.3325900000005,-0.505,0.0,14.007,8.3333,0.0,150000.0
219.0882300000005,-0.505,0.0,20.304,8.3333,0.0,150000.0
219.2181900000005,-0.505,0.0,21.387,8.3333,0.0,20000.0
219.25611000000052,-0.0,13.3175,21.007,-10.0211,0.0,20000.0
219.25659000000053,-0.0,-0.0,20.999,-16.6667,0.0,20000.0
219.38667000000052,-0.0,-0.0,19.915,-8.3333,0.0,150000.0
220.15035000000051,-0.0,-0.0,13.551,-8.3333,0.0,150000.0
220.28031000000053,-0.0,-0.0,12.468,-8.3333,0.0,20000.0
220.77075000000053,-0.0,-0.0,8.381,-8.3333,0.0,20000.0
220.90071000000054,-0.0,-0.0,7.298,-8.3333,0.0,150000.0
221.22927000000055,-0.0,-0.0,4.56,-8.3333,0.0,150000.0
221.35923000000057,-0.0,-0.0,3.477,-8.3333,0.0,20000.0
222.24975000000057,-0.0,-0.0,-3.944,-8.3333,0.0,20000.0
222.37971000000059,-0.0,-0.0,-5.027,-8.3333,0.0,150000.0
222.7081500000006,-0.0,-0.0,-7.764,-8.3333,0.0,150000.0
222.8381100000006,-0.0,-0.0,-8.847,-8.3333,0.0,20000.0
223.3284300000006,-0.0,-0.0,-12.933,-8.3333,0.0,20000.0
223.4583900000006,-0.0,-0.0,-14.016,-8.3333,0.0,150000.0
224.22231000000062,-0.0,-0.0,-20.382,-8.3333,0.0,150000.0
224.35227000000063,-0.0,-0.0,-21.465,-8.3333,0.0,20000.0
224.39643000000063,0.505,11.4291,-20.929,12.1307,0.0,20000.0
224.39691000000064,0.505,0.0,-20.921,16.6667,0.0,20000.0
224.52699000000064,0.505,0.0,-19.837,8.3333,0.0,150000.0
225.28263000000064,0.505,0.0,-13.54,8.3333,0.0,150000.0
225.41259000000065,0.505,0.0,-12.457,8.3333,0.0,20000.0
225.90363000000065,0.505,0.0,-8.365,8.3333,0.0,20000.0
226.03359000000066,0.505,0.0,-7.282,8.3333,0.0,150000.0
226.36155000000065,0.505,0.0,-4.549,8.3333,0.0,150000.0
226.49163000000064,0.505,0.0,-3.465,8.3333,0.0,20000.0
227.37783000000064,0.505,0.0,3.92,8.3333,0.0,20000.0
227.50791000000063,0.505,0.0,5.004,8.3333,0.0,150000.0
227.83731000000063,0.505,0.0,7.749,8.3333,0.0,150000.0
227.96727000000064,0.505,0.0,8.832,8.3333,0.0,20000.0
228.45735000000064,0.505,0.0,12.916,8.3333,0.0,20000.0
228.58731000000066,0.505,0.0,13.999,8.3333,0.0,150000.0
229.37943000000067,0.505,0.0,20.6,8.3333,0.0,150000.0
229.50939000000068,0.505,0.0,21.683,8.3333,0.0,20000.0
229.53963000000067,1.009,16.6634,21.673,-0.3306,0.0,20000.0
229.54011000000068,1.009,-0.0,21.665,-16.6667,0.0,20000.0
229.6700700000007,1.009,-0.0,20.582,-8.3333,0.0,150000.0
230.5185900000007,1.009,-0.0,13.511,-8.3333,0.0,150000.0
230.6485500000007,1.009,-0.0,12.428,-8.3333,0.0,20000.0
231.1417500000007,1.009,-0.0,8.318,-8.3333,0.0,20000.0
231.27171000000072,1.009,-0.0,7.235,-8.3333,0.0,150000.0
231.60639000000072,1.009,-0.0,4.446,-8.3333,0.0,150000.0
231.73635000000073,1.009,-0.0,3.363,-8.3333,0.0,20000.0
232.59855000000073,1.009,-0.0,-3.822,-8.3333,0.0,20000.0
232.72863000000072,1.009,-0.0,-4.906,-8.3333,0.0,150000.0
233.06415000000072,1.009,-0.0,-7.702,-8.3333,0.0,150000.0
233.19411000000073,1.009,-0.0,-8.785,-8.3333,0.0,20000.0
233.68719000000073,1.009,-0.0,-12.894,-8.3333,0.0,20000.0
233.81727000000072,1.009,-0.0,-13.978,-8.3333,0.0,150000.0
234.57291000000072,1.009,-0.0,-20.275,-8.3333,0.0,150000.0
234.70287000000073,1.009,-0.0,-21.358,-8.3333,0.0,20000.0
234.74499000000074,1.514,11.9851,-20.87,11.5817,0.0,20000.0
234.74547000000075,1.514,0.0,-20.862,16.6667,0.0,20000.0
234.87543000000076,1.514,0.0,-19.779,8.3333,0.0,150000.0
235.63419000000076,1.514,0.0,-13.456,8.3333,0.0,150000.0
235.76427000000075,1.514,0.0,-12.372,8.3333,0.0,20000.0
236.26035000000076,1.514,0.0,-8.238,8.3333,0.0,20000.0
236.39031000000077,1.514,0.0,-7.155,8.3333,0.0,150000.0
236.73483000000076,1.514,0.0,-4.284,8.3333,0.0,150000.0
236.86491000000075,1.514,0.0,-3.2,8.3333,0.0,20000.0
237.68847000000073,1.514,0.0,3.663,8.3333,0.0,20000.0
237.81843000000075,1.514,0.0,4.746,8.3333,0.0,150000.0
238.16355000000075,1.514,0.0,7.622,8.3333,0.0,150000.0
238.29351000000077,1.514,0.0,8.705,8.3333,0.0,20000.0
238.79031000000077,1.514,0.0,12.845,8.3333,0.0,20000.0
238.92027000000078,1.514,0.0,13.928,8.3333,0.0,150000.0
239.8728300000008,1.514,0.0,21.866,8.3333,0.0,150000.0
240.00291000000078,1.514,0.0,22.95,8.3333,0.0,20000.0
240.04455000000078,2.019,12.1282,23.426,11.4317,0.0,20000.0
240.0450300000008,2.019,-0.0,23.418,-16.6667,0.0,20000.0
240.17511000000079,2.019,-0.0,22.334,-8.3333,0.0,150000.0
241.2486300000008,2.019,-0.0,13.388,-8.3333,0.0,150000.0
241.3785900000008,2.019,-0.0,12.305,-8.3333,0.0,20000.0
241.88007000000079,2.019,-0.0,8.126,-8.3333,0.0,20000.0
242.0100300000008,2.019,-0.0,7.043,-8.3333,0.0,150000.0
242.3679900000008,2.019,-0.0,4.06,-8.3333,0.0,150000.0
242.4979500000008,2.019,-0.0,2.977,-8.3333,0.0,20000.0
243.26895000000079,2.019,-0.0,-3.448,-8.3333,0.0,20000.0
243.3989100000008,2.019,-0.0,-4.531,-8.3333,0.0,150000.0
243.7563900000008,2.019,-0.0,-7.51,-8.3333,0.0,150000.0
243.88635000000082,2.019,-0.0,-8.593,-8.3333,0.0,20000.0
244.38843000000082,2.019,-0.0,-12.777,-8.3333,0.0,20000.0
244.51851000000082,2.019,-0.0,-13.861,-8.3333,0.0,150000.0
245.28015000000082,2.019,-0.0,-20.208,-8.3333,0.0,150000.0
245.41011000000083,2.019,-0.0,-21.291,-8.3333,0.0,20000.0
245.45367000000084,2.523,11.5766,-20.769,11.99,0.0,20000.0
245.45415000000085,2.523,0.0,-20.761,16.6667,0.0,20000.0
245.58423000000084,2.523,0.0,-19.677,8.3333,0.0,150000.0
246.34899000000084,2.523,0.0,-13.304,8.3333,0.0,150000.0
246.47895000000085,2.523,0.0,-12.221,8.3333,0.0,20000.0
246.98811000000086,2.523,0.0,-7.978,8.3333,0.0,20000.0
247.11807000000087,2.523,0.0,-6.895,8.3333,0.0,150000.0
247.49823000000086,2.523,0.0,-3.727,8.3333,0.0,150000.0
247.62831000000085,2.523,0.0,-2.643,8.3333,0.0,20000.0
248.31975000000085,2.523,0.0,3.119,8.3333,0.0,20000.0
248.44971000000086,2.523,0.0,4.202,8.3333,0.0,150000.0
248.82879000000085,2.523,0.0,7.361,8.3333,0.0,150000.0
248.95887000000084,2.523,0.0,8.445,8.3333,0.0,20000.0
249.46815000000083,2.523,0.0,12.689,8.3333,0.0,20000.0
249.59811000000084,2.523,0.0,13.772,8.3333,0.0,150000.0
250.80603000000085,2.523,0.0,23.838,8.3333,0.0,150000.0
250.93611000000084,2.523,0.0,24.922,8.3333,0.0,20000.0
250.98723000000084,3.028,9.8806,25.608,13.422,0.0,20000.0
250.98771000000085,3.028,-0.0,25.6,-16.6667,0.0,20000.0
251.11779000000084,3.028,-0.0,24.516,-8.3333,0.0,150000.0
252.47643000000085,3.028,-0.0,13.194,-8.3333,0.0,150000.0
252.60639000000086,3.028,-0.0,12.111,-8.3333,0.0,20000.0
253.12431000000086,3.028,-0.0,7.795,-8.3333,0.0,20000.0
253.25439000000085,3.028,-0.0,6.711,-8.3333,0.0,150000.0
253.66551000000086,3.028,-0.0,3.285,-8.3333,0.0,150000.0
253.79559000000086,3.028,-0.0,2.201,-8.3333,0.0,20000.0
254.37951000000086,3.028,-0.0,-2.665,-8.3333,0.0,20000.0
254.50959000000086,3.028,-0.0,-3.749,-8.3333,0.0,150000.0
254.92107000000087,3.028,-0.0,-7.178,-8.3333,0.0,150000.0
255.05103000000088,3.028,-0.0,-8.261,-8.3333,0.0,20000.0
255.5687100000009,3.028,-0.0,-12.575,-8.3333,0.0,20000.0
255.69879000000088,3.028,-0.0,-13.659,-8.3333,0.0,150000.0
256.4691900000009,3.028,-0.0,-20.079,-8.3333,0.0,150000.0
256.5992700000009,3.028,-0.0,-21.163,-8.3333,0.0,20000.0
256.6416300000009,3.533,11.926,-20.67,11.6426,0.0,20000.0
256.64211000000086,3.533,0.0,-20.662,16.6667,0.0,20000.0
256.7721900000009,3.533,0.0,-19.578,8.3333,0.0,150000.0
257.55363000000085,3.533,0.0,-13.066,8.3333,0.0,150000.0
257.68359000000083,3.533,0.0,-11.983,8.3333,0.0,20000.0
258.21315000000084,3.533,0.0,-7.57,8.3333,0.0,20000.0
258.3431100000008,3.533,0.0,-6.487,8.3333,0.0,150000.0
258.80307000000084,3.533,0.0,-2.654,8.3333,0.0,150000.0
258.93315000000086,3.533,0.0,-1.57,8.3333,0.0,20000.0
259.3662300000009,3.533,0.0,2.039,8.3333,0.0,20000.0
259.49619000000087,3.533,0.0,3.122,8.3333,0.0,150000.0
259.95603000000085,3.533,0.0,6.954,8.3333,0.0,150000.0
260.08599000000083,3.533,0.0,8.037,8.3333,0.0,20000.0
260.61519000000084,3.533,0.0,12.447,8.3333,0.0,20000.0
260.7451500000008,3.533,0.0,13.53,8.3333,0.0,150000.0
262.25271000000083,3.533,0.0,26.093,8.3333,0.0,150000.0
262.38279000000085,3.533,0.0,27.177,8.3333,0.0,20000.0
262.41321000000084,4.037,16.5536,27.236,1.9378,0.0,20000.0
262.4136900000008,4.037,-0.0,27.228,-16.6667,0.0,20000.0
262.5436500000008,4.037,-0.0,26.145,-8.3333,0.0,150000.0
264.1312500000008,4.037,-0.0,12.915,-8.3333,0.0,150000.0
264.2612100000008,4.037,-0.0,11.832,-8.3333,0.0,20000.0
264.8046900000008,4.037,-0.0,7.303,-8.3333,0.0,20000.0
264.9346500000008,4.037,-0.0,6.22,-8.3333,0.0,150000.0
265.4834100000008,4.037,-0.0,1.647,-8.3333,0.0,150000.0
265.61337000000077,4.037,-0.0,0.564,-8.3333,0.0,20000.0
265.8009300000008,4.037,-0.0,-0.999,-8.3333,0.0,20000.0
265.9308900000008,4.037,-0.0,-2.082,-8.3333,0.0,150000.0
266.48349000000076,4.037,-0.0,-6.687,-8.3333,0.0,150000.0
266.61345000000074,4.037,-0.0,-7.77,-8.3333,0.0,20000.0
267.15645000000075,4.037,-0.0,-12.295,-8.3333,0.0,20000.0
267.28653000000077,4.037,-0.0,-13.379,-8.3333,0.0,150000.0
268.0869300000008,4.037,-0.0,-20.049,-8.3333,0.0,150000.0
268.2170100000008,4.037,-0.0,-21.133,-8.3333,0.0,20000.0
268.2535500000008,4.542,13.8126,-20.792,9.3269,0.0,20000.0
268.2540900000008,4.542,0.0,-20.783,16.6667,0.0,20000.0
268.3840500000008,4.542,0.0,-19.7,8.3333,0.0,150000.0
269.2191300000008,4.542,0.0,-12.741,8.3333,0.0,150000.0
269.3490900000008,4.542,0.0,-11.658,8.3333,0.0,20000.0
269.9096100000008,4.542,0.0,-6.987,8.3333,0.0,20000.0
270.03957000000077,4.542,0.0,-5.904,8.3333,0.0,150000.0
271.5125700000008,4.542,0.0,6.371,8.3333,0.0,150000.0
271.64253000000076,4.542,0.0,7.454,8.3333,0.0,20000.0
272.2025700000008,4.542,0.0,12.121,8.3333,0.0,20000.0
272.3326500000008,4.542,0.0,13.205,8.3333,0.0,150000.0
273.9310500000008,4.542,0.0,26.525,8.3333,0.0,150000.0
274.0610100000008,4.542,0.0,27.608,8.3333,0.0,20000.0
274.13415000000083,5.047,6.9019,26.498,-15.1704,0.0,20000.0
274.13469000000083,5.047,-0.0,26.489,-16.6667,0.0,20000.0
274.2646500000008,5.047,-0.0,25.406,-8.3333,0.0,150000.0
275.8077300000008,5.047,-0.0,12.547,-8.3333,0.0,150000.0
275.93769000000077,5.047,-0.0,11.464,-8.3333,0.0,20000.0
276.5192100000008,5.047,-0.0,6.618,-8.3333,0.0,20000.0
276.64917000000077,5.047,-0.0,5.535,-8.3333,0.0,150000.0
278.03313000000077,5.047,-0.0,-5.998,-8.3333,0.0,150000.0
278.1632100000008,5.047,-0.0,-7.082,-8.3333,0.0,20000.0
278.74497000000076,5.047,-0.0,-11.93,-8.3333,0.0,20000.0
278.8750500000008,5.047,-0.0,-13.014,-8.3333,0.0,150000.0
279.76341000000076,5.047,-0.0,-20.417,-8.3333,0.0,150000.0
279.89337000000074,5.047,-0.0,-21.5,-8.3333,0.0,20000.0
279.92361000000074,5.551,16.6602,-21.486,0.4628,0.0,20000.0
279.92415000000074,5.551,0.0,-21.477,16.6667,0.0,20000.0
280.0541100000007,5.551,0.0,-20.394,8.3333,0.0,150000.0
281.0235900000007,5.551,0.0,-12.315,8.3333,0.0,150000.0
281.1535500000007,5.551,0.0,-11.232,8.3333,0.0,20000.0
281.7599100000007,5.551,0.0,-6.179,8.3333,0.0,20000.0
281.8899900000007,5.551,0.0,-5.095,8.3333,0.0,150000.0
283.1694300000007,5.551,0.0,5.567,8.3333,0.0,150000.0
283.29951000000074,5.551,0.0,6.651,8.3333,0.0,20000.0
283.90659000000073,5.551,0.0,11.71,8.3333,0.0,20000.0
284.03667000000075,5.551,0.0,12.794,8.3333,0.0,150000.0
285.17919000000074,5.551,0.0,22.315,8.3333,0.0,150000.0
285.3091500000007,5.551,0.0,23.398,8.3333,0.0,20000.0
285.4736700000007,6.056,3.0696,20.703,-16.3815,0.0,20000.0
285.4741500000007,6.056,-0.0,20.695,-16.6667,0.0,20000.0
285.6042300000007,6.056,-0.0,19.611,-8.3333,0.0,150000.0
286.5084300000007,6.056,-0.0,12.076,-8.3333,0.0,150000.0
286.6383900000007,6.056,-0.0,10.993,-8.3333,0.0,20000.0
287.2782300000007,6.056,-0.0,5.661,-8.3333,0.0,20000.0
287.4083100000007,6.056,-0.0,4.577,-8.3333,0.0,150000.0
288.5631900000007,6.056,-0.0,-5.047,-8.3333,0.0,150000.0
288.6931500000007,6.056,-0.0,-6.13,-8.3333,0.0,20000.0
289.33239000000066,6.056,-0.0,-11.457,-8.3333,0.0,20000.0
289.4624700000007,6.056,-0.0,-12.541,-8.3333,0.0,150000.0
290.5338300000007,6.056,-0.0,-21.469,-8.3333,0.0,150000.0
290.6637900000007,6.056,-0.0,-22.552,-8.3333,0.0,20000.0
290.6960700000007,6.561,15.6396,-22.738,-5.7603,0.0,20000.0
290.6965500000007,6.561,0.0,-22.73,16.6667,0.0,20000.0
290.82651000000067,6.561,0.0,-21.647,8.3333,0.0,150000.0
292.00803000000064,6.561,0.0,-11.801,8.3333,0.0,150000.0
292.1379900000006,6.561,0.0,-10.718,8.3333,0.0,20000.0
292.82055000000065,6.561,0.0,-5.03,8.3333,0.0,20000.0
292.95051000000063,6.561,0.0,-3.947,8.3333,0.0,150000.0
293.9541900000006,6.561,0.0,4.417,8.3333,0.0,150000.0
294.0841500000006,6.561,0.0,5.5,8.3333,0.0,20000.0
294.7662300000006,6.561,0.0,11.184,8.3333,0.0,20000.0
294.8963100000006,6.561,0.0,12.268,8.3333,0.0,150000.0
295.7580300000006,6.561,0.0,19.449,8.3333,0.0,150000.0
295.88799000000057,6.561,0.0,20.532,8.3333,0.0,20000.0
295.94415000000055,7.066,8.9928,19.744,-14.0324,0.0,20000.0
295.94463000000053,7.066,-0.0,19.736,-16.6667,0.0,20000.0
296.07471000000055,7.066,-0.0,18.652,-8.3333,0.0,150000.0
296.93319000000054,7.066,-0.0,11.498,-8.3333,0.0,150000.0
297.0631500000005,7.066,-0.0,10.415,-8.3333,0.0,20000.0
297.8041500000005,7.066,-0.0,4.24,-8.3333,0.0,20000.0
297.9341100000005,7.066,-0.0,3.157,-8.3333,0.0,150000.0
298.7483100000005,7.066,-0.0,-3.628,-8.3333,0.0,150000.0
298.87839000000054,7.066,-0.0,-4.712,-8.3333,0.0,20000.0
299.6186700000005,7.066,-0.0,-10.881,-8.3333,0.0,20000.0
299.74875000000054,7.066,-0.0,-11.965,-8.3333,0.0,150000.0
301.0437900000005,7.066,-0.0,-22.757,-8.3333,0.0,150000.0
301.17387000000053,7.066,-0.0,-23.841,-8.3333,0.0,20000.0
301.20609000000053,7.57,15.6359,-24.027,-5.7704,0.0,20000.0
301.20663000000053,7.57,0.0,-24.018,16.6667,0.0,20000.0
301.3365900000005,7.57,0.0,-22.935,8.3333,0.0,150000.0
302.7491100000005,7.57,0.0,-11.164,8.3333,0.0,150000.0
302.87907000000047,7.57,0.0,-10.081,8.3333,0.0,20000.0
303.70959000000045,7.57,0.0,-3.16,8.3333,0.0,20000.0
303.83955000000043,7.57,0.0,-2.077,8.3333,0.0,150000.0
304.39419000000044,7.57,0.0,2.545,8.3333,0.0,150000.0
304.5241500000004,7.57,0.0,3.628,8.3333,0.0,20000.0
305.35443000000043,7.57,0.0,10.547,8.3333,0.0,20000.0
305.48451000000045,7.57,0.0,11.631,8.3333,0.0,150000.0
306.35247000000044,7.57,0.0,18.864,8.3333,0.0,150000.0
306.48255000000046,7.57,0.0,19.948,8.3333,0.0,20000.0
306.53289000000046,8.075,10.0318,19.278,-13.3095,0.0,20000.0
306.53337000000045,8.075,-0.0,19.27,-16.6667,0.0,20000.0
306.66345000000047,8.075,-0.0,18.186,-8.3333,0.0,150000.0
307.55037000000044,8.075,-0.0,10.795,-8.3333,0.0,150000.0
307.6803300000004,8.075,-0.0,9.712,-8.3333,0.0,20000.0
310.0671300000004,8.075,-0.0,-10.178,-8.3333,0.0,20000.0
310.19721000000044,8.075,-0.0,-11.262,-8.3333,0.0,150000.0
311.73129000000046,8.075,-0.0,-24.046,-8.3333,0.0,150000.0
311.86125000000044,8.075,-0.0,-25.129,-8.3333,0.0,20000.0
311.89353000000045,8.58,15.6396,-25.315,-5.7603,0.0,20000.0
311.89401000000043,8.58,0.0,-25.307,16.6667,0.0,20000.0
312.0239700000004,8.58,0.0,-24.224,8.3333,0.0,150000.0
313.6844100000004,8.58,0.0,-10.387,8.3333,0.0,150000.0
313.8143700000004,8.58,0.0,-9.304,8.3333,0.0,20000.0
316.1033700000004,8.58,0.0,9.771,8.3333,0.0,20000.0
316.23333000000036,8.58,0.0,10.854,8.3333,0.0,150000.0
317.14377000000036,8.58,0.0,18.441,8.3333,0.0,150000.0
317.2738500000004,8.58,0.0,19.525,8.3333,0.0,20000.0
317.3259900000004,9.084,9.6655,18.817,-13.5778,0.0,20000.0
317.32647000000037,9.084,-0.0,18.809,-16.6667,0.0,20000.0
317.45643000000035,9.084,-0.0,17.726,-8.3333,0.0,150000.0
318.39159000000035,9.084,-0.0,9.933,-8.3333,0.0,150000.0
318.52155000000033,9.084,-0.0,8.85,-8.3333,0.0,20000.0
320.70159000000035,9.084,-0.0,-9.317,-8.3333,0.0,20000.0
320.8316700000004,9.084,-0.0,-10.401,-8.3333,0.0,150000.0
322.62243000000035,9.084,-0.0,-25.324,-8.3333,0.0,150000.0
322.75239000000033,9.084,-0.0,-26.407,-8.3333,0.0,20000.0
322.80003000000033,9.589,10.5973,-25.794,12.8637,0.0,20000.0
322.8005100000003,9.589,0.0,-25.786,16.6667,0.0,20000.0
322.93059000000034,9.589,0.0,-24.702,8.3333,0.0,150000.0
324.76335000000034,9.589,0.0,-9.429,8.3333,0.0,150000.0
324.8933100000003,9.589,0.0,-8.346,8.3333,0.0,20000.0
326.95227000000034,9.589,0.0,8.812,8.3333,0.0,20000.0
327.0822300000003,9.589,0.0,9.895,8.3333,0.0,150000.0
328.04751000000033,9.589,0.0,17.939,8.3333,0.0,150000.0
328.1774700000003,9.589,0.0,19.022,8.3333,0.0,20000.0
328.2286500000003,10.094,9.862,18.334,-13.4357,0.0,20000.0
328.2291900000003,10.094,-0.0,18.325,-16.6667,0.0,20000.0
328.3591500000003,10.094,-0.0,17.242,-8.3333,0.0,150000.0
329.3643900000003,10.094,-0.0,8.865,-8.3333,0.0,150000.0
329.4944700000003,10.094,-0.0,7.781,-8.3333,0.0,20000.0
331.4178300000003,10.094,-0.0,-8.247,-8.3333,0.0,20000.0
331.5477900000003,10.094,-0.0,-9.33,-8.3333,0.0,150000.0
332.5832700000003,10.094,-0.0,-17.959,-8.3333,0.0,150000.0
332.7132300000003,10.094,-0.0,-19.042,-8.3333,0.0,20000.0
332.7806100000003,10.598,7.4773,-18.038,14.8952,0.0,20000.0
332.7811500000003,10.598,0.0,-18.029,16.6667,0.0,20000.0
332.9111100000003,10.598,0.0,-16.946,8.3333,0.0,150000.0
333.9576300000003,10.598,0.0,-8.225,8.3333,0.0,150000.0
334.08759000000026,10.598,0.0,-7.142,8.3333,0.0,20000.0
335.8577100000003,10.598,0.0,7.609,8.3333,0.0,20000.0
335.9877900000003,10.598,0.0,8.693,8.3333,0.0,150000.0
337.0536300000003,10.598,0.0,17.575,8.3333,0.0,150000.0
337.18359000000027,10.598,0.0,18.658,8.3333,0.0,20000.0
337.22439000000026,11.103,12.3699,18.202,-11.1697,0.0,20000.0
337.22487000000024,11.103,-0.0,18.194,-16.6667,0.0,20000.0
337.35495000000026,11.103,-0.0,17.11,-8.3333,0.0,150000.0
338.50863000000027,11.103,-0.0,7.496,-8.3333,0.0,150000.0
338.6387100000003,11.103,-0.0,6.412,-8.3333,0.0,20000.0
340.2335100000003,11.103,-0.0,-6.878,-8.3333,0.0,20000.0
340.36359000000033,11.103,-0.0,-7.962,-8.3333,0.0,150000.0
341.4552300000003,11.103,-0.0,-17.059,-8.3333,0.0,150000.0
341.5851900000003,11.103,-0.0,-18.142,-8.3333,0.0,20000.0
341.6414700000003,11.608,8.9767,-17.352,14.0427,0.0,20000.0
341.6420100000003,11.608,0.0,-17.343,16.6667,0.0,20000.0
341.7719700000003,11.608,0.0,-16.26,8.3333,0.0,150000.0
342.9255300000003,11.608,0.0,-6.647,8.3333,0.0,150000.0
343.0554900000003,11.608,0.0,-5.564,8.3333,0.0,20000.0
344.4467700000003,11.608,0.0,6.03,8.3333,0.0,20000.0
344.5768500000003,11.608,0.0,7.114,8.3333,0.0,150000.0
345.8472900000003,11.608,0.0,17.701,8.3333,0.0,150000.0
345.9772500000003,11.608,0.0,18.784,8.3333,0.0,20000.0
346.0097700000003,12.112,15.502,18.585,-6.1208,0.0,20000.0
346.01025000000027,12.112,-0.0,18.577,-16.6667,0.0,20000.0
346.1403300000003,12.112,-0.0,17.493,-8.3333,0.0,150000.0
347.56593000000026,12.112,-0.0,5.613,-8.3333,0.0,150000.0
347.69589000000025,12.112,-0.0,4.53,-8.3333,0.0,20000.0
348.83877000000024,12.112,-0.0,-4.994,-8.3333,0.0,20000.0
348.9687300000002,12.112,-0.0,-6.077,-8.3333,0.0,150000.0
350.20461000000023,12.112,-0.0,-16.376,-8.3333,0.0,150000.0
350.3345700000002,12.112,-0.0,-17.459,-8.3333,0.0,20000.0
350.3934900000002,12.617,8.5724,-16.617,14.293,0.0,20000.0
350.3940300000002,12.617,0.0,-16.608,16.6667,0.0,20000.0
350.5239900000002,12.617,0.0,-15.525,8.3333,0.0,150000.0
351.87759000000017,12.617,0.0,-4.245,8.3333,0.0,150000.0
352.0076700000002,12.617,0.0,-3.161,8.3333,0.0,20000.0
352.8221100000002,12.617,0.0,3.626,8.3333,0.0,20000.0
352.9521900000002,12.617,0.0,4.71,8.3333,0.0,150000.0
354.5778300000002,12.617,0.0,18.257,8.3333,0.0,150000.0
354.7079100000002,12.617,0.0,19.341,8.3333,0.0,20000.0
354.7394100000002,13.122,16.0278,19.197,-4.5703,0.0,20000.0
354.7399500000002,13.122,-0.0,19.188,-16.6667,0.0,20000.0
354.8699100000002,13.122,-0.0,18.105,-8.3333,0.0,150000.0
356.8196700000002,13.122,-0.0,1.857,-8.3333,0.0,150000.0
356.9496300000002,13.122,-0.0,0.774,-8.3333,0.0,20000.0
357.1962300000002,13.122,-0.0,-1.281,-8.3333,0.0,20000.0
357.3263100000002,13.122,-0.0,-2.365,-8.3333,0.0,150000.0
358.9169100000002,13.122,-0.0,-15.62,-8.3333,0.0,150000.0
359.0469900000002,13.122,-0.0,-16.704,-8.3333,0.0,20000.0
359.10093000000023,13.626,9.3475,-15.96,13.7986,0.0,20000.0
359.10147000000023,13.626,0.0,-15.951,16.6667,0.0,20000.0
359.2314300000002,13.626,0.0,-14.868,8.3333,0.0,150000.0
363.2834700000002,13.626,0.0,18.899,8.3333,0.0,150000.0
363.4134300000002,13.626,0.0,19.982,8.3333,0.0,20000.0
363.44457000000017,14.131,16.2295,19.864,-3.7922,0.0,20000.0
363.44505000000015,14.131,-0.0,19.856,-16.6667,0.0,20000.0
363.5751300000002,14.131,-0.0,18.772,-8.3333,0.0,150000.0
367.6473300000002,14.131,-0.0,-15.163,-8.3333,0.0,150000.0
367.7774100000002,14.131,-0.0,-16.247,-8.3333,0.0,20000.0
367.8201900000002,14.636,11.7968,-15.743,11.7734,0.0,20000.0
367.8207300000002,14.636,0.0,-15.734,16.6667,0.0,20000.0
367.9506900000002,14.636,0.0,-14.651,8.3333,0.0,150000.0
372.0603300000002,14.636,0.0,19.596,8.3333,0.0,150000.0
372.1904100000002,14.636,0.0,20.68,8.3333,0.0,20000.0
372.2210700000002,15.14,16.4452,20.597,-2.7082,0.0,20000.0
372.2215500000002,15.14,-0.0,20.589,-16.6667,0.0,20000.0
372.3516300000002,15.14,-0.0,19.505,-8.3333,0.0,150000.0
376.5141900000002,15.14,-0.0,-15.183,-8.3333,0.0,150000.0
376.64427000000023,15.14,-0.0,-16.267,-8.3333,0.0,20000.0
376.68027000000023,15.645,14.0278,-15.943,9.0,0.0,20000.0
376.6807500000002,15.645,0.0,-15.935,16.6667,0.0,20000.0
376.8107100000002,15.645,0.0,-14.852,8.3333,0.0,150000.0
380.1929100000002,15.645,0.0,13.333,8.3333,0.0,150000.0
380.32299000000023,15.645,0.0,14.417,8.3333,0.0,20000.0
380.4344700000002,15.645,0.0,15.346,8.3333,0.0,20000.0
380.5644300000002,15.645,0.0,16.429,8.3333,0.0,150000.0
381.0368700000002,15.645,0.0,20.366,8.3333,0.0,150000.0
381.1669500000002,15.645,0.0,21.45,8.3333,0.0,20000.0
381.1977900000002,16.15,16.3614,21.352,-3.1751,0.0,20000.0
381.1982700000002,16.15,-0.0,21.344,-16.6667,0.0,20000.0
381.3283500000002,16.15,-0.0,20.26,-8.3333,0.0,150000.0
381.6936300000002,16.15,-0.0,17.216,-8.3333,0.0,150000.0
381.8235900000002,16.15,-0.0,16.133,-8.3333,0.0,20000.0
382.18383000000017,16.15,-0.0,13.131,-8.3333,0.0,20000.0
382.3139100000002,16.15,-0.0,12.047,-8.3333,0.0,150000.0
385.6220700000002,16.15,-0.0,-15.521,-8.3333,0.0,150000.0
385.7521500000002,16.15,-0.0,-16.605,-8.3333,0.0,20000.0
385.7860500000002,16.654,14.8715,-16.35,7.5243,0.0,20000.0
385.7865900000002,16.654,0.0,-16.341,16.6667,0.0,20000.0
385.9165500000002,16.654,0.0,-15.258,8.3333,0.0,150000.0
389.1696300000002,16.654,0.0,11.851,8.3333,0.0,150000.0
389.2995900000002,16.654,0.0,12.934,8.3333,0.0,20000.0
389.8898700000002,16.654,0.0,17.853,8.3333,0.0,20000.0
390.0199500000002,16.654,0.0,18.937,8.3333,0.0,150000.0
390.2640300000002,16.654,0.0,20.971,8.3333,0.0,150000.0
390.3939900000002,16.654,0.0,22.054,8.3333,0.0,20000.0
390.4409700000002,17.159,10.7428,21.455,-12.7424,0.0,20000.0
390.4414500000002,17.159,-0.0,21.447,-16.6667,0.0,20000.0
390.5714100000002,17.159,-0.0,20.364,-8.3333,0.0,150000.0
390.6482100000002,17.159,-0.0,19.724,-8.3333,0.0,150000.0
390.7782900000002,17.159,-0.0,18.64,-8.3333,0.0,20000.0
391.6061700000002,17.159,-0.0,11.741,-8.3333,0.0,20000.0
391.7362500000002,17.159,-0.0,10.657,-8.3333,0.0,150000.0
394.9264500000002,17.159,-0.0,-15.928,-8.3333,0.0,150000.0
395.0564100000002,17.159,-0.0,-17.011,-8.3333,0.0,20000.0
395.0903700000002,17.664,14.8775,-16.756,7.5124,0.0,20000.0
395.09085000000016,17.664,0.0,-16.748,16.6667,0.0,20000.0
395.2209300000002,17.664,0.0,-15.664,8.3333,0.0,150000.0
398.3446500000002,17.664,0.0,10.367,8.3333,0.0,150000.0
398.47461000000015,17.664,0.0,11.45,8.3333,0.0,20000.0
399.54393000000016,17.664,0.0,20.361,8.3333,0.0,20000.0
399.67389000000014,17.664,0.0,21.444,8.3333,0.0,150000.0
399.80217000000016,17.664,-0.0,20.375,-8.3333,0.0,150000.0
399.93213000000014,17.664,0.0,21.458,8.3333,0.0,20000.0
400.59183000000013,18.169,0.7655,10.475,-16.6491,0.0,20000.0
400.5923100000001,18.169,-0.0,10.467,-16.6667,0.0,20000.0
400.72239000000013,18.169,-0.0,9.383,-8.3333,0.0,150000.0
402.98367000000013,18.169,-0.0,-9.461,-8.3333,0.0,150000.0
403.11375000000015,18.169,-0.0,-10.545,-8.3333,0.0,20000.0
403.2386700000001,18.169,-0.0,-11.586,-8.3333,0.0,20000.0
403.3686300000001,18.169,-0.0,-12.669,-8.3333,0.0,150000.0
403.8084300000001,18.169,-0.0,-16.334,-8.3333,0.0,150000.0
403.9383900000001,18.169,-0.0,-17.417,-8.3333,0.0,20000.0
403.9722900000001,18.673,14.8715,-17.162,7.5243,0.0,20000.0
403.9727700000001,18.673,0.0,-17.154,16.6667,0.0,20000.0
404.10273000000007,18.673,0.0,-16.071,8.3333,0.0,150000.0
404.4612900000001,18.673,0.0,-13.083,8.3333,0.0,150000.0
404.59125000000006,18.673,0.0,-12.0,8.3333,0.0,20000.0
404.9424900000001,18.673,0.0,-9.073,8.3333,0.0,20000.0
405.07245000000006,18.673,0.0,-7.99,8.3333,0.0,150000.0
407.18205000000006,18.673,0.0,9.59,8.3333,0.0,150000.0
407.31201000000004,18.673,0.0,10.673,8.3333,0.0,20000.0
407.35779,19.178,11.0306,10.101,-12.4941,0.0,20000.0
407.35833,19.178,-0.0,10.092,-16.6667,0.0,20000.0
407.48829,19.178,-0.0,9.009,-8.3333,0.0,150000.0
409.44345,19.178,-0.0,-7.284,-8.3333,0.0,150000.0
409.57353,19.178,-0.0,-8.368,-8.3333,0.0,20000.0
410.16081,19.178,-0.0,-13.262,-8.3333,0.0,20000.0
410.29089000000005,19.178,-0.0,-14.346,-8.3333,0.0,150000.0
410.57817000000006,19.178,-0.0,-16.74,-8.3333,0.0,150000.0
410.7082500000001,19.178,-0.0,-17.824,-8.3333,0.0,20000.0
410.74221000000006,19.683,14.8657,-17.568,7.5359,0.0,20000.0
410.74269000000004,19.683,0.0,-17.56,16.6667,0.0,20000.0
410.87265,19.683,0.0,-16.477,8.3333,0.0,150000.0
411.09549000000004,19.683,0.0,-14.62,8.3333,0.0,150000.0
411.22545,19.683,0.0,-13.537,8.3333,0.0,20000.0
412.01493000000005,19.683,0.0,-6.958,8.3333,0.0,20000.0
412.14501000000007,19.683,0.0,-5.874,8.3333,0.0,150000.0
413.98413000000005,19.683,0.0,9.452,8.3333,0.0,150000.0
414.11409000000003,19.683,0.0,10.535,8.3333,0.0,20000.0
414.15477000000004,20.187,12.3956,10.082,-11.1413,0.0,20000.0
414.15525,20.187,-0.0,10.074,-16.6667,0.0,20000.0
414.28521,20.187,-0.0,8.991,-8.3333,0.0,150000.0
416.06781,20.187,-0.0,-5.864,-8.3333,0.0,150000.0
416.19789000000003,20.187,-0.0,-6.948,-8.3333,0.0,20000.0
417.12801,20.187,-0.0,-14.699,-8.3333,0.0,20000.0
417.25809000000004,20.187,-0.0,-15.783,-8.3333,0.0,150000.0
417.42177000000004,20.187,-0.0,-17.147,-8.3333,0.0,150000.0
417.55173,20.187,-0.0,-18.23,-8.3333,0.0,20000.0
417.58575,20.692,14.8538,-17.973,7.5593,0.0,20000.0
417.58623,20.692,0.0,-17.965,16.6667,0.0,20000.0
417.71631,20.692,0.0,-16.881,8.3333,0.0,150000.0
417.82575,20.692,0.0,-15.969,8.3333,0.0,150000.0
417.95571,20.692,0.0,-14.886,8.3333,0.0,20000.0
418.99743,20.692,0.0,-6.205,8.3333,0.0,20000.0
419.12751000000003,20.692,0.0,-5.121,8.3333,0.0,150000.0
419.72007,20.692,0.0,-0.183,8.3333,0.0,150000.0
419.85003,20.692,0.0,0.9,8.3333,0.0,20000.0
420.30039,20.692,0.0,4.653,8.3333,0.0,20000.0
420.43035,20.692,0.0,5.736,8.3333,0.0,150000.0
420.87890999999996,20.692,0.0,9.474,8.3333,0.0,150000.0
421.00886999999994,20.692,0.0,10.557,8.3333,0.0,20000.0
421.04894999999993,21.197,12.5907,10.119,-10.9203,0.0,20000.0
421.0494299999999,21.197,-0.0,10.111,-16.6667,0.0,20000.0
421.1793899999999,21.197,-0.0,9.028,-8.3333,0.0,150000.0
421.5561899999999,21.197,-0.0,5.888,-8.3333,0.0,150000.0
421.6862699999999,21.197,-0.0,4.804,-8.3333,0.0,20000.0
422.3268299999999,21.197,-0.0,-0.534,-8.3333,0.0,20000.0
422.4567899999999,21.197,-0.0,-1.617,-8.3333,0.0,150000.0
422.9150699999999,21.197,-0.0,-5.436,-8.3333,0.0,150000.0
423.0450299999999,21.197,-0.0,-6.519,-8.3333,0.0,20000.0
423.08936999999986,21.701,11.3607,-5.978,12.1947,0.0,20000.0
423.08990999999986,21.701,0.0,-5.969,16.6667,0.0,20000.0
423.21986999999984,21.701,0.0,-4.886,8.3333,0.0,150000.0
423.62030999999985,21.701,0.0,-1.549,8.3333,0.0,150000.0
423.75026999999983,21.701,0.0,-0.466,8.3333,0.0,20000.0
424.4894699999998,21.701,0.0,5.694,8.3333,0.0,20000.0
424.6194299999998,21.701,0.0,6.777,8.3333,0.0,150000.0
424.9494299999998,21.701,0.0,9.527,8.3333,0.0,150000.0
425.0795099999998,21.701,0.0,10.611,8.3333,0.0,20000.0
425.1188699999998,22.206,12.839,10.193,-10.6272,0.0,20000.0
425.11934999999977,22.206,-0.0,10.185,-16.6667,0.0,20000.0
425.24930999999975,22.206,-0.0,9.102,-8.3333,0.0,150000.0
425.5368299999997,22.206,-0.0,6.706,-8.3333,0.0,150000.0
425.66690999999975,22.206,-0.0,5.622,-8.3333,0.0,20000.0
426.48962999999975,22.206,-0.0,-1.234,-8.3333,0.0,20000.0
426.61970999999977,22.206,-0.0,-2.318,-8.3333,0.0,150000.0
426.9752699999998,22.206,-0.0,-5.281,-8.3333,0.0,150000.0
427.1052299999998,22.206,-0.0,-6.364,-8.3333,0.0,20000.0
427.1491499999998,22.711,11.4971,-5.834,12.0663,0.0,20000.0
427.1496299999998,22.711,0.0,-5.826,16.6667,0.0,20000.0
427.27958999999976,22.711,0.0,-4.743,8.3333,0.0,150000.0
427.59362999999973,22.711,0.0,-2.126,8.3333,0.0,150000.0
427.7235899999997,22.711,0.0,-1.043,8.3333,0.0,20000.0
428.6268299999997,22.711,0.0,6.484,8.3333,0.0,20000.0
428.7569099999997,22.711,0.0,7.568,8.3333,0.0,150000.0
429.0025499999997,22.711,0.0,9.615,8.3333,0.0,150000.0
429.1325099999997,22.711,0.0,10.698,8.3333,0.0,20000.0
429.1710299999997,23.215,13.0927,10.301,-10.3131,0.0,20000.0
429.1715699999997,23.215,-0.0,10.292,-16.6667,0.0,20000.0
429.3015299999997,23.215,-0.0,9.209,-8.3333,0.0,150000.0
429.50708999999966,23.215,-0.0,7.496,-8.3333,0.0,150000.0
429.63704999999965,23.215,-0.0,6.413,-8.3333,0.0,20000.0
430.61984999999964,23.215,-0.0,-1.777,-8.3333,0.0,20000.0
430.7498099999996,23.215,-0.0,-2.86,-8.3333,0.0,150000.0
431.02316999999965,23.215,-0.0,-5.138,-8.3333,0.0,150000.0
431.15312999999963,23.215,-0.0,-6.221,-8.3333,0.0,20000.0
431.19704999999965,23.72,11.4971,-5.691,12.0663,0.0,20000.0
431.19752999999963,23.72,0.0,-5.683,16.6667,0.0,20000.0
431.32760999999965,23.72,0.0,-4.599,8.3333,0.0,150000.0
431.56244999999967,23.72,0.0,-2.642,8.3333,0.0,150000.0
431.69240999999965,23.72,0.0,-1.559,8.3333,0.0,20000.0
432.7524899999997,23.72,0.0,7.275,8.3333,0.0,20000.0
432.88244999999966,23.72,0.0,8.358,8.3333,0.0,150000.0
433.0485299999997,23.72,0.0,9.742,8.3333,0.0,150000.0
433.1786099999997,23.72,0.0,10.826,8.3333,0.0,20000.0
433.21646999999973,24.225,13.3302,10.447,-10.0042,0.0,20000.0
433.2169499999997,24.225,-0.0,10.439,-16.6667,0.0,20000.0
433.34702999999973,24.225,-0.0,9.355,-8.3333,0.0,150000.0
433.4751899999997,24.225,-0.0,8.287,-8.3333,0.0,150000.0
433.6051499999997,24.225,-0.0,7.204,-8.3333,0.0,20000.0
434.7413099999997,24.225,-0.0,-2.264,-8.3333,0.0,20000.0
434.87138999999974,24.225,-0.0,-3.348,-8.3333,0.0,150000.0
435.0690299999997,24.225,-0.0,-4.995,-8.3333,0.0,150000.0
435.1989899999997,24.225,-0.0,-6.078,-8.3333,0.0,20000.0
435.2428499999997,24.729,11.4851,-5.548,12.0776,0.0,20000.0
435.2433299999997,24.729,0.0,-5.54,16.6667,0.0,20000.0
435.3734099999997,24.729,0.0,-4.456,8.3333,0.0,150000.0
435.5349299999997,24.729,0.0,-3.11,8.3333,0.0,150000.0
435.6648899999997,24.729,0.0,-2.027,8.3333,0.0,20000.0
436.8760499999997,24.729,0.0,8.066,8.3333,0.0,20000.0
437.00600999999966,24.729,0.0,9.149,8.3333,0.0,150000.0
437.0859299999997,24.729,0.0,9.815,8.3333,0.0,150000.0
437.21588999999966,24.729,0.0,10.898,8.3333,0.0,20000.0
437.25830999999965,25.234,11.9024,10.403,-11.6667,0.0,20000.0
438.0450899999997,25.234,-0.0,-2.71,-16.6667,0.0,20000.0
438.17504999999966,25.234,-0.0,-3.793,-8.3333,0.0,150000.0
438.30200999999965,25.234,-0.0,-4.851,-8.3333,0.0,150000.0
438.4320899999997,25.234,-0.0,-5.935,-8.3333,0.0,20000.0
438.4760099999997,25.739,11.4971,-5.405,12.0663,0.0,20000.0
438.4765499999997,25.739,0.0,-5.396,16.6667,0.0,20000.0
438.6065099999997,25.739,0.0,-4.313,8.3333,0.0,150000.0
438.7005899999997,25.739,0.0,-3.529,8.3333,0.0,150000.0
438.8306699999997,25.739,0.0,-2.445,8.3333,0.0,20000.0
438.8810099999997,26.243,10.0095,-3.116,-13.3262,0.0,20000.0
438.8815499999997,26.243,-0.0,-3.125,-16.6667,0.0,20000.0
439.0115099999997,26.243,-0.0,-4.208,-8.3333,0.0,150000.0
439.0715099999997,26.243,-0.0,-4.708,-8.3333,0.0,150000.0
439.2015899999997,26.243,-0.0,-5.792,-8.3333,0.0,20000.0
442.35530999999975,-21.385,-15.1021,16.442,7.0501,0.0,20000.0
442.42622999999975,-20.99,5.5739,16.003,-6.1948,0.0,90900.0
442.51538999999974,-20.522,5.2494,15.426,-6.4721,0.0,180000.0
442.62470999999977,-19.974,5.0117,14.698,-6.6579,0.0,180000.0
442.7216699999998,-19.507,4.8182,14.039,-6.7992,0.0,180000.0
442.8219899999998,-19.043,4.6225,13.343,-6.9338,0.0,180000.0
442.9263899999998,-18.583,4.408,12.605,-7.072,0.0,180000.0
442.9920299999998,-18.305,4.2358,12.134,-7.1765,0.0,180000.0
443.0753099999998,-17.988,3.8082,11.517,-7.4123,0.0,180000.0
443.1487499999998,-17.875,1.5399,10.916,-8.1898,0.0,180000.0
443.2130699999998,-17.93,-0.8554,10.383,-8.2893,0.0,180000.0
443.2765499999998,-18.121,-3.0105,9.89,-7.7705,0.0,180000.0
443.35574999999983,-18.417,-3.7369,9.3,-7.4485,0.0,180000.0
443.44622999999984,-18.755,-3.7356,8.626,-7.4491,0.0,180000.0
443.52554999999984,-19.011,-3.2293,8.017,-7.6822,0.0,180000.0
443.61602999999985,-19.302,-3.2145,7.321,-7.6884,0.0,180000.0
443.71058999999985,-19.702,-4.2298,6.642,-7.1801,0.0,180000.0
443.77274999999986,-20.067,-5.8684,6.274,-5.9166,0.0,180000.0
443.8431899999999,-20.563,-7.041,5.96,-4.4574,0.0,180000.0
443.93174999999985,-21.27,-7.9791,5.747,-2.4039,0.0,180000.0
444.48566999999986,-25.84,-8.2508,5.099,-1.1699,0.0,180000.0
444.59714999999983,-26.76,-8.2501,4.968,-1.1747,0.0,180000.0
444.6642299999998,-26.886,-1.8771,4.423,-8.1192,0.0,180000.0
444.7278299999998,-26.966,-1.2577,3.899,-8.2379,0.0,180000.0
444.8419499999998,-26.179,6.8958,3.365,-4.679,0.0,180000.0
444.93818999999985,-25.431,7.7768,3.077,-2.9943,0.0,180000.0
445.0405499999998,-24.647,7.6631,2.742,-3.2744,0.0,180000.0
445.13750999999985,-23.913,7.5693,2.404,-3.4856,0.0,180000.0
445.23782999999986,-23.163,7.4734,2.034,-3.6869,0.0,180000.0
445.3421099999999,-22.396,7.3532,1.625,-3.9211,0.0,180000.0
445.4078699999999,-21.919,7.2587,1.356,-4.0935,0.0,180000.0
445.4910299999999,-21.337,6.9996,0.98,-4.5221,0.0,180000.0
445.5644699999999,-20.938,5.4333,0.516,-6.3185,0.0,180000.0
445.62866999999994,-20.72,3.3932,0.027,-7.6112,0.0,180000.0
445.69214999999997,-20.638,1.2908,-0.496,-8.2328,0.0,180000.0
445.77122999999995,-20.6,0.4805,-1.154,-8.3195,0.0,180000.0
445.86182999999994,-20.555,0.4965,-1.908,-8.3185,0.0,180000.0
445.9409099999999,-20.472,1.0492,-2.562,-8.267,0.0,180000.0
446.0315099999999,-20.377,1.0486,-3.311,-8.2671,0.0,180000.0
446.1260699999999,-20.383,-0.0634,-4.099,-8.3331,0.0,180000.0
446.1882299999999,-20.515,-2.1232,-4.6,-8.0583,0.0,180000.0
446.25866999999994,-20.788,-3.8736,-5.12,-7.3783,0.0,180000.0
446.34734999999995,-21.294,-5.7093,-5.658,-6.0703,0.0,180000.0
446.90115,-24.927,-6.5601,-8.504,-5.139,0.0,180000.0
447.01275,-25.659,-6.562,-9.077,-5.1366,0.0,180000.0
447.07995,-25.495,2.4423,-9.612,-7.9674,0.0,180000.0
447.14355,-25.303,3.0189,-10.106,-7.7673,0.0,180000.0
447.25779,-24.354,8.3108,-10.176,-0.613,0.0,180000.0
447.35391,-23.563,8.2312,-10.051,1.3008,0.0,180000.0
447.45626999999996,-22.716,8.2736,-9.949,0.9963,0.0,180000.0
447.55323,-21.911,8.2974,-9.874,0.773,0.0,180000.0
447.65367,-21.076,8.316,-9.82,0.5378,0.0,180000.0
447.75782999999996,-20.208,8.3287,-9.791,0.2783,0.0,180000.0
447.82346999999993,-19.661,8.3328,-9.785,0.0914,0.0,180000.0
447.90674999999993,-18.968,8.3233,-9.819,-0.4084,0.0,180000.0
447.98018999999994,-18.391,7.861,-10.022,-2.7657,0.0,180000.0
448.04450999999995,-17.957,6.7442,-10.337,-4.895,0.0,180000.0
448.10786999999993,-17.625,5.2365,-10.748,-6.4825,0.0,180000.0
448.18706999999995,-17.263,4.5699,-11.3,-6.9685,0.0,180000.0
448.27754999999996,-16.848,4.5842,-11.93,-6.9591,0.0,180000.0
448.35675,-16.448,5.0504,-12.455,-6.6286,0.0,180000.0
448.44735,-15.991,5.044,-13.056,-6.6334,0.0,180000.0
448.54179,-15.603,4.1071,-13.741,-7.2509,0.0,180000.0
448.60407,-15.467,2.1831,-14.242,-8.0423,0.0,180000.0
448.67438999999996,-15.443,0.341,-14.828,-8.3264,0.0,180000.0
448.76306999999997,-15.612,-1.9068,-15.547,-8.1123,0.0,180000.0
449.31699,-17.336,-3.1123,-19.829,-7.7303,0.0,180000.0
449.42846999999995,-17.683,-3.1119,-20.691,-7.7305,0.0,180000.0
449.4955499999999,-17.274,6.0976,-21.072,-5.6801,0.0,180000.0
449.5592699999999,-16.86,6.5011,-21.404,-5.2134,0.0,180000.0
449.6735099999999,-16.003,7.5037,-20.99,3.6249,0.0,180000.0
449.7696299999999,-15.381,6.4695,-20.485,5.2526,0.0,180000.0
449.87198999999987,-14.698,6.6725,-19.974,4.9922,0.0,180000.0
449.9689499999999,-14.039,6.7992,-19.507,4.8182,0.0,180000.0
450.0692699999999,-13.343,6.9338,-19.043,4.6225,0.0,180000.0
450.1736699999999,-12.605,7.072,-18.583,4.408,0.0,180000.0
450.2393099999999,-12.134,7.1765,-18.305,4.2358,0.0,180000.0
450.3225899999999,-11.517,7.4123,-17.988,3.8082,0.0,180000.0
450.3960299999999,-10.916,8.1898,-17.875,1.5399,0.0,180000.0
450.4603499999999,-10.383,8.2893,-17.93,-0.8554,0.0,180000.0
450.5238299999999,-9.89,7.7705,-18.121,-3.0105,0.0,180000.0
450.60302999999993,-9.3,7.4485,-18.417,-3.7369,0.0,180000.0
450.69350999999995,-8.626,7.4491,-18.755,-3.7356,0.0,180000.0
450.77282999999994,-8.017,7.6822,-19.011,-3.2293,0.0,180000.0
450.86330999999996,-7.321,7.6884,-19.302,-3.2145,0.0,180000.0
450.95786999999996,-6.642,7.1801,-19.702,-4.2298,0.0,180000.0
451.02002999999996,-6.274,5.9166,-20.067,-5.8684,0.0,180000.0
451.09047,-5.96,4.4574,-20.563,-7.041,0.0,180000.0
451.17902999999995,-5.747,2.4039,-21.27,-7.9791,0.0,180000.0
451.73294999999996,-5.099,1.1699,-25.84,-8.2508,0.0,180000.0
451.84442999999993,-4.968,1.1747,-26.76,-8.2501,0.0,180000.0
451.9115099999999,-4.423,8.1192,-26.886,-1.8771,0.0,180000.0
451.9751099999999,-3.899,8.2379,-26.966,-1.2577,0.0,180000.0
452.08922999999993,-3.365,4.679,-26.179,6.8958,0.0,180000.0
452.18546999999995,-3.077,2.9943,-25.431,7.7768,0.0,180000.0
452.28782999999993,-2.742,3.2744,-24.647,7.6631,0.0,180000.0
452.38478999999995,-2.404,3.4856,-23.913,7.5693,0.0,180000.0
452.48510999999996,-2.034,3.6869,-23.163,7.4734,0.0,180000.0
452.58939,-1.625,3.9211,-22.396,7.3532,0.0,180000.0
452.65515,-1.356,4.0935,-21.919,7.2587,0.0,180000.0
452.73831,-0.98,4.5221,-21.337,6.9996,0.0,180000.0
452.81175,-0.516,6.3185,-20.938,5.4333,0.0,180000.0
452.87595000000005,-0.027,7.6112,-20.72,3.3932,0.0,180000.0
452.9394300000001,0.496,8.2328,-20.638,1.2908,0.0,180000.0
453.01851000000005,1.154,8.3195,-20.6,0.4805,0.0,180000.0
453.10911000000004,1.908,8.3185,-20.555,0.4965,0.0,180000.0
453.18819,2.562,8.267,-20.472,1.0492,0.0,180000.0
453.27879,3.311,8.2671,-20.377,1.0486,0.0,180000.0
453.37335,4.099,8.3331,-20.383,-0.0634,0.0,180000.0
453.43551,4.6,8.0583,-20.515,-2.1232,0.0,180000.0
453.50595000000004,5.12,7.3783,-20.788,-3.8736,0.0,180000.0
453.59463000000005,5.658,6.0703,-21.294,-5.7093,0.0,180000.0
454.1484300000001,8.504,5.139,-24.927,-6.5601,0.0,180000.0
454.2600300000001,9.077,5.1366,-25.659,-6.562,0.0,180000.0
454.3272300000001,9.612,7.9674,-25.495,2.4423,0.0,180000.0
454.3908300000001,10.106,7.7673,-25.303,3.0189,0.0,180000.0
454.5050700000001,10.176,0.613,-24.354,8.3108,0.0,180000.0
454.6011900000001,10.051,-1.3008,-23.563,8.2312,0.0,180000.0
454.70355000000006,9.949,-0.9963,-22.716,8.2736,0.0,180000.0
454.8005100000001,9.874,-0.773,-21.911,8.2974,0.0,180000.0
454.9009500000001,9.82,-0.5378,-21.076,8.316,0.0,180000.0
455.00511000000006,9.791,-0.2783,-20.208,8.3287,0.0,180000.0
455.07075000000003,9.785,-0.0914,-19.661,8.3328,0.0,180000.0
455.15403000000003,9.819,0.4084,-18.968,8.3233,0.0,180000.0
455.22747000000004,10.022,2.7657,-18.391,7.861,0.0,180000.0
455.29179000000005,10.337,4.895,-17.957,6.7442,0.0,180000.0
455.35515000000004,10.748,6.4825,-17.625,5.2365,0.0,180000.0
455.43435000000005,11.3,6.9685,-17.263,4.5699,0.0,180000.0
455.52483000000007,11.93,6.9591,-16.848,4.5842,0.0,180000.0
455.6040300000001,12.455,6.6286,-16.448,5.0504,0.0,180000.0
455.6946300000001,13.056,6.6334,-15.991,5.044,0.0,180000.0
455.7890700000001,13.741,7.2509,-15.603,4.1071,0.0,180000.0
455.8513500000001,14.242,8.0423,-15.467,2.1831,0.0,180000.0
455.92167000000006,14.828,8.3264,-15.443,0.341,0.0,180000.0
456.0103500000001,15.547,8.1123,-15.612,-1.9068,0.0,180000.0
456.5642700000001,19.829,7.7303,-17.336,-3.1123,0.0,180000.0
456.67575000000005,20.691,7.7305,-17.683,-3.1119,0.0,180000.0
456.74283,21.072,5.6801,-17.274,6.0976,0.0,180000.0
456.80655,21.404,5.2134,-16.86,6.5011,0.0,180000.0
456.92079,20.99,-3.6249,-16.003,7.5037,0.0,180000.0
457.01691,20.485,-5.2526,-15.381,6.4695,0.0,180000.0
457.11927,19.974,-4.9922,-14.698,6.6725,0.0,180000.0
457.21623,19.507,-4.8182,-14.039,6.7992,0.0,180000.0
457.31655,19.043,-4.6225,-13.343,6.9338,0.0,180000.0
457.42095,18.583,-4.408,-12.605,7.072,0.0,180000.0
457.48659,18.305,-4.2358,-12.134,7.1765,0.0,180000.0
457.56987,17.988,-3.8082,-11.517,7.4123,0.0,180000.0
457.64331,17.875,-1.5399,-10.916,8.1898,0.0,180000.0
457.70763,17.93,0.8554,-10.383,8.2893,0.0,180000.0
457.77111,18.121,3.0105,-9.89,7.7705,0.0,180000.0
457.85031000000004,18.417,3.7369,-9.3,7.4485,0.0,180000.0
457.94079000000005,18.755,3.7356,-8.626,7.4491,0.0,180000.0
458.02011000000005,19.011,3.2293,-8.017,7.6822,0.0,180000.0
458.11059000000006,19.302,3.2145,-7.321,7.6884,0.0,180000.0
458.20515000000006,19.702,4.2298,-6.642,7.1801,0.0,180000.0
458.26731000000007,20.067,5.8684,-6.274,5.9166,0.0,180000.0
458.3377500000001,20.563,7.041,-5.96,4.4574,0.0,180000.0
458.42631000000006,21.27,7.9791,-5.747,2.4039,0.0,180000.0
458.98023000000006,25.84,8.2508,-5.099,1.1699,0.0,180000.0
459.09171000000003,26.76,8.2501,-4.968,1.1747,0.0,180000.0
459.15879,26.886,1.8771,-4.423,8.1192,0.0,180000.0
459.22239,26.966,1.2577,-3.899,8.2379,0.0,180000.0
459.33651000000003,26.179,-6.8958,-3.365,4.679,0.0,180000.0
459.43275000000006,25.431,-7.7768,-3.077,2.9943,0.0,180000.0
459.53511000000003,24.647,-7.6631,-2.742,3.2744,0.0,180000.0
459.63207000000006,23.913,-7.5693,-2.404,3.4856,0.0,180000.0
459.73239000000007,23.163,-7.4734,-2.034,3.6869,0.0,180000.0
459.8366700000001,22.396,-7.3532,-1.625,3.9211,0.0,180000.0
459.9024300000001,21.919,-7.2587,-1.356,4.0935,0.0,180000.0
459.9855900000001,21.337,-6.9996,-0.98,4.5221,0.0,180000.0
460.0590300000001,20.938,-5.4333,-0.516,6.3185,0.0,180000.0
460.12323000000015,20.72,-3.3932,-0.027,7.6112,0.0,180000.0
460.1867100000002,20.638,-1.2908,0.496,8.2328,0.0,180000.0
460.26579000000015,20.6,-0.4805,1.154,8.3195,0.0,180000.0
460.35639000000015,20.555,-0.4965,1.908,8.3185,0.0,180000.0
460.4354700000001,20.472,-1.0492,2.562,8.267,0.0,180000.0
460.5260700000001,20.377,-1.0486,3.311,8.2671,0.0,180000.0
460.6206300000001,20.383,0.0634,4.099,8.3331,0.0,180000.0
460.6827900000001,20.515,2.1232,4.6,8.0583,0.0,180000.0
460.75323000000014,20.788,3.8736,5.12,7.3783,0.0,180000.0
460.84191000000015,21.294,5.7093,5.658,6.0703,0.0,180000.0
461.3957100000002,24.927,6.5601,8.504,5.139,0.0,180000.0
461.5073100000002,25.659,6.562,9.077,5.1366,0.0,180000.0
461.5745100000002,25.495,-2.4423,9.612,7.9674,0.0,180000.0
461.6381100000002,25.303,-3.0189,10.106,7.7673,0.0,180000.0
461.7523500000002,24.354,-8.3108,10.176,0.613,0.0,180000.0
461.8484700000002,23.563,-8.2312,10.051,-1.3008,0.0,180000.0
461.95083000000017,22.716,-8.2736,9.949,-0.9963,0.0,180000.0
462.0477900000002,21.911,-8.2974,9.874,-0.773,0.0,180000.0
462.1482300000002,21.076,-8.316,9.82,-0.5378,0.0,180000.0
462.25239000000016,20.208,-8.3287,9.791,-0.2783,0.0,180000.0
462.31803000000014,19.661,-8.3328,9.785,-0.0914,0.0,180000.0
462.40131000000014,18.968,-8.3233,9.819,0.4084,0.0,180000.0
462.47475000000014,18.391,-7.861,10.022,2.7657,0.0,180000.0
462.53907000000015,17.957,-6.7442,10.337,4.895,0.0,180000.0
462.60243000000014,17.625,-5.2365,10.748,6.4825,0.0,180000.0
462.68163000000015,17.263,-4.5699,11.3,6.9685,0.0,180000.0
462.77211000000017,16.848,-4.5842,11.93,6.9591,0.0,180000.0
462.8513100000002,16.448,-5.0504,12.455,6.6286,0.0,180000.0
462.9419100000002,15.991,-5.044,13.056,6.6334,0.0,180000.0
463.0363500000002,15.603,-4.1071,13.741,7.2509,0.0,180000.0
463.0986300000002,15.467,-2.1831,14.242,8.0423,0.0,180000.0
463.16895000000017,15.443,-0.341,14.828,8.3264,0.0,180000.0
463.2576300000002,15.612,1.9068,15.547,8.1123,0.0,180000.0
463.8115500000002,17.336,3.1123,19.829,7.7303,0.0,180000.0
463.92303000000015,17.683,3.1119,20.691,7.7305,0.0,180000.0
463.99011000000013,17.274,-6.0976,21.072,5.6801,0.0,180000.0
464.0538300000001,16.86,-6.5011,21.404,5.2134,0.0,180000.0
464.1680700000001,16.003,-7.5037,20.99,-3.6249,0.0,180000.0
464.2641900000001,15.381,-6.4695,20.485,-5.2526,0.0,180000.0
464.3665500000001,14.698,-6.6725,19.974,-4.9922,0.0,180000.0
464.4635100000001,14.039,-6.7992,19.507,-4.8182,0.0,180000.0
464.5638300000001,13.343,-6.9338,19.043,-4.6225,0.0,180000.0
464.6682300000001,12.605,-7.072,18.583,-4.408,0.0,180000.0
464.7338700000001,12.134,-7.1765,18.305,-4.2358,0.0,180000.0
464.8171500000001,11.517,-7.4123,17.988,-3.8082,0.0,180000.0
464.8905900000001,10.916,-8.1898,17.875,-1.5399,0.0,180000.0
464.9549100000001,10.383,-8.2893,17.93,0.8554,0.0,180000.0
465.0183900000001,9.89,-7.7705,18.121,3.0105,0.0,180000.0
465.09759000000014,9.3,-7.4485,18.417,3.7369,0.0,180000.0
465.18807000000015,8.626,-7.4491,18.755,3.7356,0.0,180000.0
465.26739000000015,8.017,-7.6822,19.011,3.2293,0.0,180000.0
465.35787000000016,7.321,-7.6884,19.302,3.2145,0.0,180000.0
465.45243000000016,6.642,-7.1801,19.702,4.2298,0.0,180000.0
465.51459000000017,6.274,-5.9166,20.067,5.8684,0.0,180000.0
465.5850300000002,5.96,-4.4574,20.563,7.041,0.0,180000.0
465.67359000000016,5.747,-2.4039,21.27,7.9791,0.0,180000.0
466.22751000000017,5.099,-1.1699,25.84,8.2508,0.0,180000.0
466.33899000000014,4.968,-1.1747,26.76,8.2501,0.0,180000.0
466.4060700000001,4.423,-8.1192,26.886,1.8771,0.0,180000.0
466.4696700000001,3.899,-8.2379,26.966,1.2577,0.0,180000.0
466.58379000000014,3.365,-4.679,26.179,-6.8958,0.0,180000.0
466.68003000000016,3.077,-2.9943,25.431,-7.7768,0.0,180000.0
466.78239000000013,2.742,-3.2744,24.647,-7.6631,0.0,180000.0
466.87935000000016,2.404,-3.4856,23.913,-7.5693,0.0,180000.0
466.97967000000017,2.034,-3.6869,23.163,-7.4734,0.0,180000.0
467.0839500000002,1.625,-3.9211,22.396,-7.3532,0.0,180000.0
467.1497100000002,1.356,-4.0935,21.919,-7.2587,0.0,180000.0
467.2328700000002,0.98,-4.5221,21.337,-6.9996,0.0,180000.0
467.3063100000002,0.516,-6.3185,20.938,-5.4333,0.0,180000.0
467.37051000000025,0.027,-7.6112,20.72,-3.3932,0.0,180000.0
467.4339900000003,-0.496,-8.2328,20.638,-1.2908,0.0,180000.0
467.51307000000025,-1.154,-8.3195,20.6,-0.4805,0.0,180000.0
467.60367000000025,-1.908,-8.3185,20.555,-0.4965,0.0,180000.0
467.6827500000002,-2.562,-8.267,20.472,-1.0492,0.0,180000.0
467.7733500000002,-3.311,-8.2671,20.377,-1.0486,0.0,180000.0
467.8679100000002,-4.099,-8.3331,20.383,0.0634,0.0,180000.0
467.9300700000002,-4.6,-8.0583,20.515,2.1232,0.0,180000.0
468.00051000000025,-5.12,-7.3783,20.788,3.8736,0.0,180000.0
468.08919000000026,-5.658,-6.0703,21.294,5.7093,0.0,180000.0
468.6429900000003,-8.504,-5.139,24.927,6.5601,0.0,180000.0
468.7545900000003,-9.077,-5.1366,25.659,6.562,0.0,180000.0
468.8217900000003,-9.612,-7.9674,25.495,-2.4423,0.0,180000.0
468.8853900000003,-10.106,-7.7673,25.303,-3.0189,0.0,180000.0
468.9996300000003,-10.176,-0.613,24.354,-8.3108,0.0,180000.0
469.0957500000003,-10.051,1.3008,23.563,-8.2312,0.0,180000.0
469.19811000000027,-9.949,0.9963,22.716,-8.2736,0.0,180000.0
469.2950700000003,-9.874,0.773,21.911,-8.2974,0.0,180000.0
469.3955100000003,-9.82,0.5378,21.076,-8.316,0.0,180000.0
469.49967000000026,-9.791,0.2783,20.208,-8.3287,0.0,180000.0
469.56531000000024,-9.785,0.0914,19.661,-8.3328,0.0,180000.0
469.64859000000024,-9.819,-0.4084,18.968,-8.3233,0.0,180000.0
469.72203000000025,-10.022,-2.7657,18.391,-7.861,0.0,180000.0
469.78635000000025,-10.337,-4.895,17.957,-6.7442,0.0,180000.0
469.84971000000024,-10.748,-6.4825,17.625,-5.2365,0.0,180000.0
469.92891000000026,-11.3,-6.9685,17.263,-4.5699,0.0,180000.0
470.01939000000027,-11.93,-6.9591,16.848,-4.5842,0.0,180000.0
470.0985900000003,-12.455,-6.6286,16.448,-5.0504,0.0,180000.0
470.1891900000003,-13.056,-6.6334,15.991,-5.044,0.0,180000.0
470.2836300000003,-13.741,-7.2509,15.603,-4.1071,0.0,180000.0
470.3459100000003,-14.242,-8.0423,15.467,-2.1831,0.0,180000.0
470.41623000000027,-14.828,-8.3264,15.443,-0.341,0.0,180000.0
470.5049100000003,-15.547,-8.1123,15.612,1.9068,0.0,180000.0
471.0588300000003,-19.829,-7.7303,17.336,3.1123,0.0,180000.0
471.17031000000026,-20.691,-7.7305,17.683,3.1119,0.0,180000.0
471.23739000000023,-21.072,-5.6801,17.274,-6.0976,0.0,180000.0
471.3011100000002,-21.404,-5.2134,16.86,-6.5011,0.0,180000.0
471.4153500000002,-20.99,3.6249,16.003,-7.5037,0.0,180000.0
471.66435000000024,-19.735,5.0391,14.35,-6.6372,0.0,20000.0
472.8503700000002,-0.0,16.6393,13.218,-0.9544,0.0,20000.0
472.91217000000023,-0.515,-8.3314,13.207,-0.178,0.0,81899.99999999999
473.01033000000024,-1.331,-8.3109,13.147,-0.6111,0.0,180000.0
473.08041000000026,-1.911,-8.2766,13.079,-0.9704,0.0,180000.0
473.1413700000003,-2.412,-8.2186,12.995,-1.378,0.0,180000.0
473.24805000000026,-3.28,-8.1367,12.803,-1.7998,0.0,180000.0
473.31357000000025,-3.806,-8.0298,12.657,-2.2288,0.0,180000.0
473.42085000000026,-4.653,-7.8926,12.37,-2.6743,0.0,180000.0
473.48577000000023,-5.156,-7.7437,12.17,-3.079,0.0,180000.0
473.6252100000002,-6.205,-7.5197,11.669,-3.5914,0.0,180000.0
473.7113700000002,-6.83,-7.251,11.315,-4.107,0.0,180000.0
473.7968100000002,-7.43,-7.0242,10.932,-4.4838,0.0,180000.0
473.88213000000025,-8.007,-6.7597,10.516,-4.8735,0.0,180000.0
473.96745000000027,-8.561,-6.4912,10.07,-5.2258,0.0,180000.0
474.0527700000003,-9.09,-6.2005,9.595,-5.5676,0.0,180000.0
474.1379700000003,-9.592,-5.8926,9.093,-5.8926,0.0,180000.0
474.2237700000003,-10.069,-5.5631,8.561,-6.2045,0.0,180000.0
474.3096900000003,-10.518,-5.2242,8.003,-6.4925,0.0,180000.0
474.39525000000026,-10.935,-4.8757,7.425,-6.7581,0.0,180000.0
474.4805700000003,-11.318,-4.4891,6.826,-7.0208,0.0,180000.0
474.5663700000003,-11.67,-4.1043,6.204,-7.2525,0.0,180000.0
474.6520500000003,-11.988,-3.7128,5.565,-7.4606,0.0,180000.0
474.7372500000003,-12.27,-3.3081,4.913,-7.6486,0.0,180000.0
474.8019300000003,-12.46,-2.9396,4.409,-7.7976,0.0,180000.0
474.9082500000003,-12.727,-2.5108,3.564,-7.9461,0.0,180000.0
474.97317000000027,-12.863,-2.0935,3.04,-8.0661,0.0,180000.0
475.08273000000025,-13.042,-1.6343,2.145,-8.1715,0.0,180000.0
475.14357000000024,-13.115,-1.1992,1.643,-8.2466,0.0,180000.0
475.25397000000027,-13.197,-0.743,0.727,-8.3001,0.0,180000.0
475.31481000000025,-13.216,-0.3121,0.22,-8.3275,0.0,180000.0
475.42461000000026,-13.199,0.1548,-0.695,-8.3319,0.0,180000.0
475.48569000000026,-13.162,0.6054,-1.203,-8.3113,0.0,180000.0
475.59597000000025,-13.047,1.0425,-2.115,-8.2679,0.0,180000.0
475.65669000000025,-12.957,1.482,-2.613,-8.2005,0.0,180000.0
475.7688900000002,-12.739,1.9434,-3.522,-8.1036,0.0,180000.0
475.88157000000024,-12.457,2.5018,-4.418,-7.9489,0.0,180000.0
475.9464900000002,-12.266,2.9429,-4.924,-7.7964,0.0,180000.0
476.0261700000002,-12.003,3.2993,-5.534,-7.6524,0.0,180000.0
476.11221000000023,-11.685,3.6942,-6.177,-7.4698,0.0,180000.0
476.19825000000026,-11.333,4.0894,-6.802,-7.261,0.0,180000.0
476.2839300000003,-10.949,4.4815,-7.404,-7.0257,0.0,180000.0
476.3697300000003,-10.532,4.8591,-7.985,-6.7701,0.0,180000.0
476.4560100000003,-10.082,5.2143,-8.546,-6.5005,0.0,180000.0
476.54193000000026,-9.605,5.5515,-9.08,-6.2149,0.0,180000.0
476.6272500000003,-9.103,5.8867,-9.583,-5.8984,0.0,180000.0
476.7125700000003,-8.575,6.1895,-10.059,-5.5799,0.0,180000.0
476.79789000000034,-8.021,6.4912,-10.505,-5.2258,0.0,180000.0
476.88321000000036,-7.445,6.7557,-10.921,-4.8791,0.0,180000.0
476.9685300000004,-6.847,7.0121,-11.305,-4.5028,0.0,180000.0
477.0545700000004,-6.224,7.2454,-11.659,-4.1169,0.0,180000.0
477.1404900000004,-5.584,7.4536,-11.979,-3.7268,0.0,180000.0
477.20541000000037,-5.089,7.6208,-12.198,-3.3716,0.0,180000.0
477.31173000000035,-4.26,7.7962,-12.511,-2.9435,0.0,180000.0
477.3770100000003,-3.742,7.9402,-12.676,-2.5292,0.0,180000.0
477.4836900000003,-2.881,8.0671,-12.899,-2.0894,0.0,180000.0
477.54645000000033,-2.369,8.1634,-13.004,-1.6741,0.0,180000.0
477.6563700000003,-1.463,8.2463,-13.136,-1.2014,0.0,180000.0
477.71733000000035,-0.957,8.2976,-13.183,-0.7707,0.0,180000.0
477.82833000000034,-0.033,8.3277,-13.217,-0.3064,0.0,180000.0
477.8902500000003,0.483,8.3321,-13.208,0.1453,0.0,180000.0
477.9516900000003,0.994,8.3199,-13.179,0.4722,0.0,180000.0
478.0623300000003,1.911,8.2842,-13.079,0.9034,0.0,180000.0
478.12329000000034,2.412,8.2186,-12.995,1.378,0.0,180000.0
478.2299700000003,3.28,8.1367,-12.803,1.7998,0.0,180000.0
478.2954900000003,3.806,8.0298,-12.657,2.2288,0.0,180000.0
478.4027700000003,4.653,7.8926,-12.37,2.6743,0.0,180000.0
478.4676900000003,5.156,7.7437,-12.17,3.079,0.0,180000.0
478.60713000000027,6.205,7.5225,-11.67,3.5856,0.0,180000.0
478.6932900000003,6.83,7.251,-11.316,4.107,0.0,180000.0
478.7787300000003,7.43,7.0189,-10.932,4.4921,0.0,180000.0
478.86393000000027,8.006,6.7612,-10.517,4.8714,0.0,180000.0
478.9493700000003,8.561,6.4958,-10.071,5.2201,0.0,180000.0
479.03457000000026,9.089,6.1953,-9.596,5.5734,0.0,180000.0
479.11977000000024,9.591,5.8926,-9.094,5.8926,0.0,180000.0
479.20557000000025,10.068,5.5631,-8.562,6.2045,0.0,180000.0
479.29149000000024,10.517,5.2242,-8.004,6.4925,0.0,180000.0
479.37717000000026,10.934,4.8701,-7.425,6.7621,0.0,180000.0
479.46261000000027,11.318,4.4974,-6.826,7.0155,0.0,180000.0
479.5482900000003,11.67,4.1093,-6.205,7.2497,0.0,180000.0
479.6340900000003,11.988,3.7081,-5.565,7.4629,0.0,180000.0
479.7192900000003,12.27,3.3081,-4.913,7.6486,0.0,180000.0
479.7840900000003,12.46,2.9345,-4.408,7.7996,0.0,180000.0
479.89437000000027,12.737,2.5125,-3.532,7.9456,0.0,180000.0
479.9553300000003,12.863,2.0674,-3.04,8.0728,0.0,180000.0
480.0650100000003,13.042,1.6325,-2.144,8.1719,0.0,180000.0
480.1258500000003,13.115,1.1992,-1.642,8.2466,0.0,180000.0
480.2361300000003,13.197,0.7438,-0.727,8.3001,0.0,180000.0
480.2969700000003,13.216,0.3121,-0.22,8.3275,0.0,180000.0
480.4067700000003,13.199,-0.1548,0.695,8.3319,0.0,180000.0
480.4677300000003,13.162,-0.6065,1.202,8.3112,0.0,180000.0
480.57813000000033,13.047,-1.0414,2.115,8.268,0.0,180000.0
480.63885000000033,12.957,-1.482,2.613,8.2005,0.0,180000.0
480.7510500000003,12.739,-1.9434,3.522,8.1036,0.0,180000.0
480.8636100000003,12.457,-2.5043,4.417,7.9481,0.0,180000.0
480.92853000000025,12.266,-2.9429,4.923,7.7964,0.0,180000.0
481.00821000000025,12.003,-3.2993,5.533,7.6524,0.0,180000.0
481.0942500000003,11.685,-3.6942,6.176,7.4698,0.0,180000.0
481.1802900000003,11.333,-4.0894,6.801,7.261,0.0,180000.0
481.2659700000003,10.949,-4.4815,7.403,7.0257,0.0,180000.0
481.3518900000003,10.532,-4.8536,7.985,6.774,0.0,180000.0
481.4380500000003,10.083,-5.2129,8.545,6.5016,0.0,180000.0
481.52409000000034,9.605,-5.558,9.079,6.2091,0.0,180000.0
481.6092900000003,9.104,-5.8808,9.582,5.9043,0.0,180000.0
481.69473000000033,8.575,-6.1947,10.058,5.5741,0.0,180000.0
481.78005000000036,8.022,-6.4809,10.505,5.2386,0.0,180000.0
481.86525000000034,7.446,-6.7612,10.92,4.8714,0.0,180000.0
481.95057000000037,6.848,-7.0121,11.304,4.5028,0.0,180000.0
482.03649000000036,6.226,-7.2425,11.658,4.1219,0.0,180000.0
482.1225300000004,5.585,-7.4512,11.979,3.7314,0.0,180000.0
482.1873300000004,5.091,-7.6183,12.198,3.3773,0.0,180000.0
482.2937700000004,4.261,-7.7973,12.511,2.9404,0.0,180000.0
482.3571300000004,3.758,-7.9413,12.671,2.526,0.0,180000.0
482.46777000000037,2.866,-8.065,12.903,2.0976,0.0,180000.0
482.52861000000036,2.369,-8.1664,13.004,1.6596,0.0,180000.0
482.63841000000036,1.464,-8.2461,13.136,1.2027,0.0,180000.0
482.69949000000037,0.957,-8.2992,13.182,0.753,0.0,180000.0
482.81049000000036,0.033,-8.3274,13.217,0.3154,0.0,180000.0
482.87241000000034,-0.483,-8.3321,13.208,-0.1453,0.0,180000.0
482.93397000000033,-0.995,-8.32,13.179,-0.4712,0.0,180000.0
483.09393000000034,-2.317,-8.2661,13.01,-1.0567,0.0,20000.0
483.4112100000003,-0.367,6.1463,8.095,-15.4919,0.0,20000.0
483.47517000000033,-0.898,-8.3061,8.052,-0.6726,0.0,84000.0
483.57117000000034,-1.687,-8.2191,7.92,-1.3751,0.0,180000.0
483.6488100000003,-2.315,-8.0905,7.765,-1.9969,0.0,180000.0
483.7157700000003,-2.844,-7.9027,7.588,-2.6442,0.0,180000.0
483.7793700000003,-3.334,-7.6988,7.385,-3.1895,0.0,180000.0
483.8459700000003,-3.832,-7.4715,7.139,-3.6907,0.0,180000.0
483.9099300000003,-4.293,-7.2112,6.872,-4.1765,0.0,180000.0
483.9762900000003,-4.752,-6.9128,6.563,-4.6537,0.0,180000.0
484.0398900000003,-5.171,-6.5923,6.239,-5.0976,0.0,180000.0
484.1061300000003,-5.583,-6.2151,5.871,-5.5513,0.0,180000.0
484.1694900000003,-5.955,-5.8688,5.496,-5.9162,0.0,180000.0
484.2357300000003,-6.314,-5.422,5.077,-6.3282,0.0,180000.0
484.29945000000026,-6.634,-5.0201,4.653,-6.6516,0.0,180000.0
484.3629300000003,-6.922,-4.5349,4.209,-6.9913,0.0,180000.0
484.4291700000003,-7.194,-4.1084,3.729,-7.2502,0.0,180000.0
484.4928900000003,-7.422,-3.5755,3.249,-7.5273,0.0,180000.0
484.55913000000027,-7.627,-3.0923,2.736,-7.7383,0.0,180000.0
484.62285000000026,-7.789,-2.5409,2.23,-7.9365,0.0,180000.0
484.68933000000027,-7.924,-2.0318,1.693,-8.0819,0.0,180000.0
484.7528100000003,-8.017,-1.4644,1.172,-8.2037,0.0,180000.0
484.8190500000003,-8.079,-0.9352,0.623,-8.2807,0.0,180000.0
484.8830100000003,-8.102,-0.3593,0.09,-8.3256,0.0,180000.0
484.9498500000003,-8.089,0.1944,-0.467,-8.3311,0.0,180000.0
485.0134500000003,-8.042,0.7389,-0.995,-8.3005,0.0,180000.0
485.07993000000033,-7.954,1.3236,-1.542,-8.2275,0.0,180000.0
485.1436500000003,-7.837,1.836,-2.06,-8.1286,0.0,180000.0
485.21013000000033,-7.677,2.4084,-2.59,-7.9777,0.0,180000.0
485.2738500000003,-7.492,2.9019,-3.088,-7.8117,0.0,180000.0
485.3404500000003,-7.261,3.4664,-3.593,-7.5781,0.0,180000.0
485.4040500000003,-7.012,3.9142,-4.061,-7.3569,0.0,180000.0
485.46753000000035,-6.731,4.428,-4.509,-7.0596,0.0,180000.0
485.53401000000036,-6.408,4.8593,-4.959,-6.7699,0.0,180000.0
485.5976100000004,-6.069,5.3256,-5.367,-6.4096,0.0,180000.0
485.66349000000037,-5.693,5.7076,-5.767,-6.0719,0.0,180000.0
485.7269700000004,-5.304,6.1318,-6.125,-5.6432,0.0,180000.0
485.7930900000004,-4.876,6.4732,-6.472,-5.2481,0.0,180000.0
485.8564500000004,-4.444,6.8225,-6.775,-4.7852,0.0,180000.0
485.9229300000004,-3.971,7.1177,-7.063,-4.3338,0.0,180000.0
485.98677000000043,-3.499,7.3963,-7.308,-3.8392,0.0,180000.0
486.0530100000004,-2.993,7.6367,-7.529,-3.3354,0.0,180000.0
486.1167300000004,-2.494,7.8339,-7.71,-2.8416,0.0,180000.0
486.1833300000004,-1.96,8.015,-7.862,-2.2814,0.0,180000.0
486.24681000000044,-1.443,8.1444,-7.974,-1.7644,0.0,180000.0
486.3131700000004,-0.896,8.2499,-8.052,-1.1764,0.0,180000.0
486.37701000000044,-0.366,8.306,-8.095,-0.6739,0.0,180000.0
486.4444500000004,0.196,8.3331,-8.099,-0.0593,0.0,180000.0
486.50865000000044,0.73,8.3211,-8.07,0.4519,0.0,180000.0
486.57225000000045,1.256,8.2685,-8.004,1.0375,0.0,180000.0
486.6386100000004,1.799,8.1873,-7.901,1.553,0.0,180000.0
486.70257000000043,2.314,8.0571,-7.765,2.1277,0.0,180000.0
486.76953000000043,2.843,7.9027,-7.588,2.6442,0.0,180000.0
486.8332500000004,3.334,7.7011,-7.385,3.184,0.0,180000.0
486.8998500000004,3.832,7.4715,-7.139,3.6907,0.0,180000.0
486.9638100000004,4.293,7.2112,-6.872,4.1765,0.0,180000.0
487.03029000000043,4.752,6.9059,-6.562,4.6641,0.0,180000.0
487.10361000000046,5.233,6.5654,-6.186,5.1322,0.0,180000.0
487.17993000000047,5.703,6.1549,-5.757,5.618,0.0,180000.0
487.24581000000046,6.078,5.6919,-5.356,6.0866,0.0,180000.0
487.3092900000005,6.416,5.324,-4.949,6.4109,0.0,180000.0
487.3730100000005,6.725,4.8481,-4.517,6.7779,0.0,180000.0
487.43937000000045,7.019,4.4329,-4.049,7.0565,0.0,180000.0
487.50297000000046,7.267,3.902,-3.581,7.3634,0.0,180000.0
487.56969000000043,7.497,3.4484,-3.075,7.5864,0.0,180000.0
487.63329000000044,7.681,2.8933,-2.578,7.815,0.0,180000.0
487.69953000000044,7.84,2.3987,-2.049,7.9806,0.0,180000.0
487.76337000000046,7.957,1.8326,-1.53,8.1293,0.0,180000.0
487.8298500000005,8.043,1.2943,-0.983,8.2322,0.0,180000.0
487.89321000000047,8.09,0.7417,-0.457,8.3003,0.0,180000.0
487.95981000000046,8.102,0.1801,0.098,8.3314,0.0,180000.0
488.02341000000047,8.079,-0.3613,0.628,8.3255,0.0,180000.0
488.08965000000046,8.016,-0.9518,1.176,8.2788,0.0,180000.0
488.15337000000045,7.923,-1.4589,1.699,8.2046,0.0,180000.0
488.21997000000044,7.787,-2.0423,2.237,8.0792,0.0,180000.0
488.28345000000047,7.626,-2.5358,2.741,7.9381,0.0,180000.0
488.35005000000046,7.418,-3.1208,3.256,7.7269,0.0,180000.0
488.41377000000045,7.19,-3.5755,3.736,7.5273,0.0,180000.0
488.47713000000044,6.93,-4.1005,4.196,7.2547,0.0,180000.0
488.5434900000004,6.629,-4.5352,4.66,6.9912,0.0,180000.0
488.6072100000004,6.309,-5.0201,5.084,6.6516,0.0,180000.0
488.6732100000004,5.95,-5.437,5.501,6.3154,0.0,180000.0
488.73657000000037,5.579,-5.8609,5.876,5.9241,0.0,180000.0
488.80257000000034,5.168,-6.2309,6.241,5.5335,0.0,180000.0
488.86581000000035,4.751,-6.5881,6.564,5.103,0.0,180000.0
488.9321700000003,4.292,-6.9198,6.872,4.6434,0.0,180000.0
488.9962500000003,3.83,-7.2083,7.14,4.1815,0.0,180000.0
489.06273000000033,3.333,-7.4745,7.385,3.6846,0.0,180000.0
489.1264500000003,2.842,-7.7011,7.588,3.184,0.0,180000.0
489.19329000000033,2.314,-7.9012,7.765,2.6487,0.0,180000.0
489.25725000000034,1.799,-8.0571,7.901,2.1277,0.0,180000.0
489.32349000000033,1.257,-8.1868,8.004,1.5558,0.0,180000.0
489.3872100000003,0.73,-8.2687,8.07,1.0356,0.0,180000.0
489.4542900000003,0.172,-8.3221,8.099,0.4325,0.0,180000.0
489.5189700000003,-0.367,-8.3331,8.095,-0.0618,0.0,180000.0
489.5829300000003,-0.898,-8.3061,8.052,-0.6726,0.0,180000.0
489.64941000000033,-1.446,-8.2481,7.973,-1.189,0.0,180000.0
489.71301000000034,-1.964,-8.1451,7.861,-1.7611,0.0,83600.0
489.8094900000003,-2.732,-7.9569,7.622,-2.4762,0.0,20000.0
490.51821000000035,-1.162,2.2153,-4.085,-16.5188,0.0,20000.0
490.61793000000034,-1.935,-7.7517,-3.78,3.0586,0.0,119800.0
490.67817000000036,-2.358,-7.0168,-3.509,4.4954,0.0,180000.0
490.75857000000036,-2.889,-6.602,-3.1,5.0851,0.0,180000.0
490.85829000000035,-3.439,-5.5152,-2.477,6.2472,0.0,180000.0
490.95801000000034,-3.856,-4.1808,-1.758,7.2087,0.0,180000.0
491.05773000000033,-4.125,-2.6983,-0.972,7.8844,0.0,180000.0
491.1574500000003,-4.235,-1.1027,-0.148,8.2601,0.0,180000.0
491.2340100000003,-4.219,0.2089,0.49,8.3307,0.0,180000.0
491.3160900000003,-4.085,1.632,1.161,8.172,0.0,180000.0
491.4160500000003,-3.78,3.0517,1.936,7.7544,0.0,180000.0
491.5158900000003,-3.33,4.5063,2.636,7.0098,0.0,180000.0
491.61573000000027,-2.752,5.7865,3.235,5.9967,0.0,180000.0
491.71581000000026,-2.067,6.848,3.71,4.7486,0.0,180000.0
491.81565000000023,-1.304,7.6413,4.042,3.3249,0.0,180000.0
491.9154900000002,-0.491,8.1447,4.218,1.7632,0.0,180000.0
492.0154500000002,0.342,8.332,4.233,0.15,0.0,180000.0
492.1154100000002,1.162,8.2008,4.085,-1.4801,0.0,180000.0
492.2151300000002,1.935,7.7517,3.78,-3.0586,0.0,180000.0
492.3150900000002,2.636,7.0127,3.33,-4.5018,0.0,180000.0
492.41505000000024,3.235,5.9917,2.751,-5.7917,0.0,180000.0
492.5148900000002,3.71,4.758,2.068,-6.8415,0.0,180000.0
492.6148500000002,4.042,3.3213,1.304,-7.6429,0.0,180000.0
492.7148100000002,4.219,1.7707,0.49,-8.143,0.0,180000.0
492.8146500000002,4.233,0.1402,-0.342,-8.3322,0.0,180000.0
492.91449000000017,4.085,-1.4819,-1.161,-8.2005,0.0,180000.0
493.0144500000002,3.78,-3.0517,-1.936,-7.7544,0.0,180000.0
493.11429000000015,3.33,-4.5063,-2.636,-7.0098,0.0,180000.0
493.2141300000001,2.752,-5.7865,-3.235,-5.9967,0.0,180000.0
493.3142100000001,2.067,-6.848,-3.71,-4.7486,0.0,180000.0
493.4140500000001,1.304,-7.6413,-4.042,-3.3249,0.0,180000.0
493.51389000000006,0.491,-8.1447,-4.218,-1.7632,0.0,180000.0
493.61385000000007,-0.342,-8.332,-4.233,-0.15,0.0,180000.0
493.7138100000001,-1.162,-8.2008,-4.085,1.4801,0.0,180000.0
493.81353000000007,-1.935,-7.7517,-3.78,3.0586,0.0,180000.0
493.8737700000001,-2.358,-7.0168,-3.509,4.4954,0.0,180000.0
493.9541700000001,-2.889,-6.602,-3.1,5.0851,0.0,100499.99999999999
494.03361000000007,-3.327,-5.5098,-2.603,6.252,0.0,20000.0
